0.0000000000e+00	1.0000000000e+00	
1.0012258960e-01	1.1462802517e+00	
2.0005032326e-01	1.2563202798e+00	
3.0022740718e-01	1.3330636616e+00	
4.0004363051e-01	1.3739267297e+00	
5.0036574029e-01	1.4406567052e+00	
6.0003935241e-01	1.5157439421e+00	
7.0043342914e-01	1.5709255368e+00	
8.0031887211e-01	1.6072621167e+00	
9.0054260312e-01	1.6286371489e+00	
1.0002731160e+00	1.6422175984e+00	
1.1003413793e+00	1.7058038300e+00	
1.2004082209e+00	1.7587775024e+00	
1.3000251063e+00	1.8032823360e+00	
1.4000027153e+00	1.8712949379e+00	
1.5005358602e+00	1.9543824005e+00	
1.6007362341e+00	2.0431022212e+00	
1.7002218387e+00	2.1379208792e+00	
1.8005676907e+00	2.2326004820e+00	
1.9004257961e+00	2.3094837161e+00	
2.0006196037e+00	2.3773168357e+00	
2.1000842405e+00	2.4338292653e+00	
2.2002573409e+00	2.4769694541e+00	
2.3001840700e+00	2.5038422398e+00	
2.4001575991e+00	2.5129136915e+00	
2.5004603667e+00	2.5034573436e+00	
2.6003576729e+00	2.4759714458e+00	
2.7002042873e+00	2.4316903117e+00	
2.8003390888e+00	2.3718540335e+00	
2.9001228898e+00	2.2992304854e+00	
3.0004247231e+00	2.2160172717e+00	
3.1001634358e+00	2.1881610128e+00	
3.2002008309e+00	2.1936690374e+00	
3.3004270115e+00	2.1925693852e+00	
3.4002522682e+00	2.1855934197e+00	
3.5000524527e+00	2.1724039563e+00	
3.6001973108e+00	2.1536979941e+00	
3.7000487944e+00	2.1313196700e+00	
3.8004741941e+00	2.1072318671e+00	
3.9002574184e+00	2.0838369632e+00	
4.0002379398e+00	2.0626488813e+00	
4.1001690773e+00	2.0450663919e+00	
4.2003332903e+00	2.0320906336e+00	
4.3004026601e+00	2.0247819248e+00	
4.4005985552e+00	2.0235994276e+00	
4.5004501933e+00	2.0286251846e+00	
4.6000540749e+00	2.0368966157e+00	
4.7002294539e+00	2.0312007359e+00	
4.8003362470e+00	2.0232886151e+00	
4.9001002801e+00	2.0137988979e+00	
5.0000602192e+00	2.0023031418e+00	
5.1002924301e+00	1.9885036044e+00	
5.2003099276e+00	1.9723901365e+00	
5.3003327177e+00	1.9540425092e+00	
5.4000221418e+00	1.9337839538e+00	
5.5002087517e+00	1.9117117265e+00	
5.6000638422e+00	1.8883068548e+00	
5.7004289349e+00	1.8631630470e+00	
5.8000673609e+00	1.8374831184e+00	
5.9003544186e+00	1.8195280131e+00	
6.0001476624e+00	1.8156312518e+00	
6.1003112219e+00	1.8107394896e+00	
6.2002400523e+00	1.8059448037e+00	
6.3003066991e+00	1.8012297935e+00	
6.4004059809e+00	1.7964152405e+00	
6.5004307957e+00	1.7905086719e+00	
6.6002731994e+00	1.7833018587e+00	
6.7003078615e+00	1.7751127541e+00	
6.8004088937e+00	1.7662605410e+00	
6.9004236752e+00	1.7570678406e+00	
7.0001693277e+00	1.7478156702e+00	
7.1005124398e+00	1.7387261319e+00	
7.2001439065e+00	1.7302532298e+00	
7.3004544189e+00	1.7227992537e+00	
7.4005805447e+00	1.7206846759e+00	
7.5001067209e+00	1.7189594705e+00	
7.6005019693e+00	1.7174703424e+00	
7.7006468394e+00	1.7160824398e+00	
7.8006146102e+00	1.7147400319e+00	
7.9003182089e+00	1.7123206338e+00	
8.0001885337e+00	1.7116726951e+00	
8.1002308266e+00	1.7112454585e+00	
8.2004921024e+00	1.7107338353e+00	
8.3004665491e+00	1.7100851932e+00	
8.4003647557e+00	1.7091645216e+00	
8.5004114509e+00	1.7077862304e+00	
8.6002809974e+00	1.7057065168e+00	
8.7002532465e+00	1.7026015822e+00	
8.8000882522e+00	1.6977305708e+00	
8.9001065176e+00	1.6904789149e+00	
9.0001249307e+00	1.6806112114e+00	
9.1004871517e+00	1.6679012745e+00	
9.2000707929e+00	1.6525073126e+00	
9.3002441755e+00	1.6344654363e+00	
9.4003993393e+00	1.6286928914e+00	
9.5004294606e+00	1.6225258871e+00	
9.6002278794e+00	1.6152794097e+00	
9.7001733979e+00	1.6069572280e+00	
9.8001589420e+00	1.5977426289e+00	
9.9000477055e+00	1.5882847511e+00	
1.0000203441e+01	1.5787838971e+00	
1.0100479042e+01	1.5695266113e+00	
1.0200146323e+01	1.5608578420e+00	
1.0300037113e+01	1.5529708282e+00	
1.0400485591e+01	1.5457959972e+00	
1.0500045667e+01	1.5392675968e+00	
1.0600119403e+01	1.5337205170e+00	
1.0700349852e+01	1.5294956669e+00	
1.0800258815e+01	1.5267797315e+00	
1.0900673885e+01	1.5256280672e+00	
1.1000226668e+01	1.5260329682e+00	
1.1100212992e+01	1.5248012184e+00	
1.1200360088e+01	1.5233802493e+00	
1.1300035984e+01	1.5218688879e+00	
1.1400035556e+01	1.5201624628e+00	
1.1500480378e+01	1.5181790941e+00	
1.1600353328e+01	1.5159015773e+00	
1.1700506678e+01	1.5132622087e+00	
1.1800087263e+01	1.5102545099e+00	
1.1900482694e+01	1.5068437234e+00	
1.2000389977e+01	1.5030165946e+00	
1.2100167810e+01	1.4986262719e+00	
1.2200152269e+01	1.4937653993e+00	
1.2300212034e+01	1.4882153191e+00	
1.2400213484e+01	1.4819818659e+00	
1.2500045115e+01	1.4767911136e+00	
1.2600079605e+01	1.4745614233e+00	
1.2700214215e+01	1.4719288890e+00	
1.2800337626e+01	1.4689220190e+00	
1.2900340893e+01	1.5044014919e+00	
1.3000098942e+01	1.5420938164e+00	
1.3100485657e+01	1.5783692531e+00	
1.3200339257e+01	1.6113622401e+00	
1.3300507180e+01	1.6575545697e+00	
1.3400264723e+01	1.7153458032e+00	
1.3500453569e+01	1.7709142987e+00	
1.3600234223e+01	1.8223074951e+00	
1.3700445319e+01	1.8684371474e+00	
1.3800074188e+01	1.9074367585e+00	
1.3900572555e+01	1.9391289066e+00	
1.4000104063e+01	1.9660913292e+00	
1.4100131277e+01	2.0081963138e+00	
1.4200544272e+01	2.0442288473e+00	
1.4300077271e+01	2.0289160503e+00	
1.4400501627e+01	1.9953703309e+00	
1.4500507437e+01	1.9500470976e+00	
1.4600285381e+01	1.9082335143e+00	
1.4700049114e+01	1.8685401637e+00	
1.4800009624e+01	1.8268360253e+00	
1.4900388272e+01	1.7832451571e+00	
1.5000355157e+01	1.7441570695e+00	
1.5100225204e+01	1.7308984003e+00	
1.5200316516e+01	1.7199873867e+00	
1.5300450156e+01	1.7131897636e+00	
1.5400485658e+01	1.7947822622e+00	
1.5500307760e+01	1.9101194840e+00	
1.5600299085e+01	2.0453337604e+00	
1.5700354847e+01	2.2005833454e+00	
1.5800361981e+01	2.4104499011e+00	
1.5900203470e+01	2.6528629067e+00	
1.6000264872e+01	2.9126088966e+00	
1.6100434976e+01	3.1736113113e+00	
1.6200067292e+01	3.4280333638e+00	
1.6300011398e+01	3.6615258384e+00	
1.6400120439e+01	3.8614985966e+00	
1.6500208754e+01	4.0191095313e+00	
1.6600044952e+01	4.1277512042e+00	
1.6700491365e+01	4.1914604334e+00	
1.6800090039e+01	4.2041352340e+00	
1.6900248381e+01	4.1781570641e+00	
1.7000592132e+01	4.1308322631e+00	
1.7100633702e+01	4.0796504745e+00	
1.7200462599e+01	4.0315166312e+00	
1.7300599469e+01	3.9877706853e+00	
1.7400097288e+01	3.8869703980e+00	
1.7500670536e+01	3.7461778920e+00	
1.7600060701e+01	3.6104176418e+00	
1.7700464652e+01	3.5098601160e+00	
1.7800118428e+01	3.4864942647e+00	
1.7900447414e+01	3.5083538219e+00	
1.8000490289e+01	3.5489074336e+00	
1.8100000609e+01	3.6075854982e+00	
1.8200341317e+01	3.7304449337e+00	
1.8300224146e+01	4.0085058748e+00	
1.8400487783e+01	4.3962173457e+00	
1.8500480608e+01	4.8738624705e+00	
1.8600099354e+01	5.3872957595e+00	
1.8700229594e+01	5.9457969326e+00	
1.8800274706e+01	6.5463215158e+00	
1.8900135648e+01	7.3556989600e+00	
1.9000159795e+01	8.2410410187e+00	
1.9100236931e+01	9.2605003107e+00	
1.9200254800e+01	1.0064671921e+01	
1.9300099333e+01	1.0691060213e+01	
1.9400121722e+01	1.1091665874e+01	
1.9500187756e+01	1.1303743374e+01	
1.9600115540e+01	1.1244967665e+01	
1.9700236557e+01	1.0937544003e+01	
1.9800303841e+01	1.0591399259e+01	
1.9900022096e+01	1.0433860482e+01	
2.0000201937e+01	1.0280995728e+01	
2.0100466466e+01	9.9689043335e+00	
2.0200311989e+01	9.6846900511e+00	
2.0300356694e+01	9.3429088356e+00	
2.0400108964e+01	8.9439541296e+00	
2.0500224075e+01	8.4999689115e+00	
2.0600301097e+01	8.1258575354e+00	
2.0700271961e+01	7.6077676010e+00	
2.0800541536e+01	7.7836244978e+00	
2.0900597960e+01	8.3156201710e+00	
2.1000551508e+01	9.0522478351e+00	
2.1100135217e+01	1.0014835500e+01	
2.1200124320e+01	1.1147436371e+01	
2.1300196483e+01	1.2418895928e+01	
2.1400149381e+01	1.3679315351e+01	
2.1500286833e+01	1.4677909277e+01	
2.1600435505e+01	1.5718070837e+01	
2.1700458593e+01	1.8337039411e+01	
2.1800348801e+01	2.1221854828e+01	
2.1900024781e+01	2.4189477933e+01	
2.2000347525e+01	2.6178956707e+01	
2.2100243224e+01	2.9406889276e+01	
2.2200087500e+01	3.1058105031e+01	
2.2300187597e+01	3.1752566698e+01	
2.2400409260e+01	3.1797434707e+01	
2.2500119262e+01	3.1253095743e+01	
2.2600151505e+01	2.9884935425e+01	
2.2700379081e+01	2.7967820406e+01	
2.2800134931e+01	3.1314182105e+01	
2.2900235689e+01	3.1333109787e+01	
2.3000497549e+01	3.1761176115e+01	
2.3100551195e+01	3.1426608786e+01	
2.3200349665e+01	3.0361861374e+01	
2.3300601701e+01	3.0477577834e+01	
2.3400107838e+01	2.9818863934e+01	
2.3500174048e+01	2.8836825137e+01	
2.3600201333e+01	2.6918083821e+01	
2.3700291397e+01	2.2497665853e+01	
2.3800054501e+01	2.1378485203e+01	
2.3900412982e+01	2.1315746769e+01	
2.4000451163e+01	1.9884537949e+01	
2.4100362459e+01	2.2282525583e+01	
2.4200467387e+01	2.1169187755e+01	
2.4300243469e+01	2.5317660994e+01	
2.4400522495e+01	2.8383606644e+01	
2.4500008911e+01	3.4245069433e+01	
2.4600106033e+01	3.7756630461e+01	
2.4700408657e+01	3.9864535142e+01	
2.4800069108e+01	4.1623877991e+01	
2.4900046956e+01	4.3860551766e+01	
2.5000388101e+01	4.4481209069e+01	
2.5100170348e+01	4.4371503792e+01	
2.5200297181e+01	4.3470576134e+01	
2.5300251989e+01	4.3191251324e+01	
2.5400462258e+01	4.2654582395e+01	
2.5500312854e+01	4.2296253213e+01	
2.5600452072e+01	4.1391088275e+01	
2.5700103380e+01	3.9886549245e+01	
2.5800479268e+01	3.6642341428e+01	
2.5900135381e+01	4.7028404280e+01	
2.6000205969e+01	4.9612013821e+01	
2.6100517720e+01	4.6440980573e+01	
2.6200132068e+01	4.2057122753e+01	
2.6300510598e+01	3.7333058064e+01	
2.6400148061e+01	3.8514680961e+01	
2.6500523854e+01	3.9710690998e+01	
2.6600680485e+01	4.1051687963e+01	
2.6700057369e+01	4.3057197649e+01	
2.6800363756e+01	4.3435513131e+01	
2.6900557937e+01	4.1661605189e+01	
2.7000535910e+01	3.6625220840e+01	
2.7100539874e+01	3.1588518629e+01	
2.7200126905e+01	3.5850264851e+01	
2.7300445044e+01	4.5189333579e+01	
2.7400252139e+01	4.3068478136e+01	
2.7500251150e+01	4.8374642853e+01	
2.7600084151e+01	4.9809197396e+01	
2.7700198277e+01	5.0154412675e+01	
2.7800082404e+01	5.1844603546e+01	
2.7900053026e+01	5.1052990667e+01	
2.8000075635e+01	4.7179568046e+01	
2.8100051143e+01	4.7048516678e+01	
2.8200370536e+01	4.3845944340e+01	
2.8300202084e+01	4.9901445870e+01	
2.8400130825e+01	5.5639829868e+01	
2.8500216596e+01	5.6570620413e+01	
2.8600054685e+01	6.9251714664e+01	
2.8700247734e+01	8.8058462153e+01	
2.8800044813e+01	9.5716918658e+01	
2.8900140014e+01	9.4249296940e+01	
2.9000436156e+01	8.2401909520e+01	
2.9100167897e+01	7.3010975924e+01	
2.9200176338e+01	7.2499639481e+01	
2.9300562141e+01	6.0479216396e+01	
2.9400464878e+01	5.3277454292e+01	
2.9500546132e+01	6.8743918478e+01	
2.9600304269e+01	7.9506375477e+01	
2.9700047119e+01	7.9315488621e+01	
2.9800257111e+01	6.9029581030e+01	
2.9900162225e+01	6.0447554571e+01	
3.0000283796e+01	5.7065350628e+01	
3.0100318867e+01	5.3405165001e+01	
3.0200490757e+01	5.6107960986e+01	
3.0300260037e+01	5.5291816098e+01	
3.0400337410e+01	6.1453400270e+01	
3.0500256794e+01	8.7451329626e+01	
3.0600219749e+01	9.8270628037e+01	
3.0700218274e+01	9.6416654659e+01	
3.0800475540e+01	8.8946515069e+01	
3.0900470930e+01	7.9194563699e+01	
3.1000293733e+01	8.2368614432e+01	
3.1100448571e+01	9.0094990428e+01	
3.1200455592e+01	9.7869662099e+01	
3.1300390121e+01	1.0166751030e+02	
3.1400341334e+01	1.3415136904e+02	
3.1500167082e+01	1.3953210896e+02	
3.1600372244e+01	1.1114050943e+02	
3.1700409797e+01	1.0015814614e+02	
3.1800194416e+01	1.4340567066e+02	
3.1900231466e+01	2.8673091194e+02	
3.2000180717e+01	3.5904020380e+02	
3.2100213649e+01	3.7019267095e+02	
3.2200216414e+01	3.7451190038e+02	
3.2300490991e+01	3.2051556371e+02	
3.2400054591e+01	3.1213182454e+02	
3.2500457045e+01	3.1011487207e+02	
3.2600388385e+01	3.0557626138e+02	
3.2700036329e+01	2.9809009311e+02	
3.2800126079e+01	2.8988067092e+02	
3.2900633662e+01	2.7732477521e+02	
3.3000070732e+01	2.2440842687e+02	
3.3100035601e+01	1.8572654083e+02	
3.3200305774e+01	1.7998994922e+02	
3.3300315980e+01	1.8014604108e+02	
3.3400024780e+01	1.7803847096e+02	
3.3500275744e+01	2.0944217197e+02	
3.3600475459e+01	1.8799747715e+02	
3.3700203084e+01	1.6439962137e+02	
3.3800437043e+01	2.7358737269e+02	
3.3900311560e+01	5.2372994175e+02	
3.4000020573e+01	5.9246399521e+02	
3.4100455277e+01	6.1347214878e+02	
3.4200378413e+01	4.8111361420e+02	
3.4300059958e+01	3.8097612725e+02	
3.4400192504e+01	4.2919985029e+02	
3.4500251725e+01	5.1589762079e+02	
3.4600099476e+01	4.2648819656e+02	
3.4700027414e+01	4.2007563398e+02	
3.4800222412e+01	4.0396729727e+02	
3.4900214865e+01	4.7375592581e+02	
3.5000461801e+01	4.3418778781e+02	
3.5100117543e+01	5.4640323840e+02	
3.5200327053e+01	7.1872594397e+02	
3.5300066347e+01	5.9997374214e+02	
3.5400386425e+01	4.4273595280e+02	
3.5500338478e+01	5.7936416703e+02	
3.5600091547e+01	4.3265785011e+02	
3.5700054736e+01	4.5792808557e+02	
3.5800020135e+01	4.3916400192e+02	
3.5900339640e+01	3.8979393504e+02	
3.6000476844e+01	3.5307053484e+02	
3.6100459343e+01	2.9739250746e+02	
3.6200540304e+01	3.2986531711e+02	
3.6300571026e+01	3.9382152921e+02	
3.6400150201e+01	4.3654665562e+02	
3.6500462731e+01	6.0301355879e+02	
3.6600445076e+01	7.1550474793e+02	
3.6700435891e+01	6.4567578334e+02	
3.6800195085e+01	5.1956920784e+02	
3.6900371272e+01	3.8044667100e+02	
3.7000279483e+01	3.8996797677e+02	
3.7100370919e+01	4.6975201821e+02	
3.7200345898e+01	4.4983468947e+02	
3.7300422240e+01	3.9407129164e+02	
3.7400036999e+01	3.6236421730e+02	
3.7500311207e+01	4.2086950661e+02	
3.7600446992e+01	4.0475455245e+02	
3.7700408634e+01	4.2947935967e+02	
3.7800107349e+01	4.0689264802e+02	
3.7900445491e+01	4.4653967617e+02	
3.8000162667e+01	5.8670454030e+02	
3.8100264574e+01	6.3654618377e+02	
3.8200040912e+01	5.2322033898e+02	
3.8300180081e+01	4.5938938594e+02	
3.8400258970e+01	4.5070937193e+02	
3.8500300794e+01	5.6489930396e+02	
3.8600302870e+01	5.0644028047e+02	
3.8700447855e+01	2.7478215552e+02	
3.8800234238e+01	3.0445380466e+02	
3.8900322421e+01	3.1661911559e+02	
3.9000136684e+01	4.5530224073e+02	
3.9100050219e+01	5.4352785936e+02	
3.9200417407e+01	5.9412035684e+02	
3.9300009638e+01	5.1349718021e+02	
3.9400340351e+01	4.2875298517e+02	
3.9500012160e+01	4.5616249793e+02	
3.9600524135e+01	4.8223621594e+02	
3.9700001392e+01	4.4606375539e+02	
3.9800271860e+01	4.4173592870e+02	
3.9900008286e+01	3.9206399178e+02	
4.0000253521e+01	3.4200917405e+02	
4.0100364256e+01	2.8067651963e+02	
4.0200159265e+01	3.5335252167e+02	
4.0300004670e+01	7.6972469769e+02	
4.0400278674e+01	5.9743887493e+02	
4.0500283235e+01	4.4199922211e+02	
4.0600426814e+01	3.8111637082e+02	
4.0700054059e+01	7.1279698234e+02	
4.0800316850e+01	7.1878190990e+02	
4.0900111116e+01	5.1202703322e+02	
4.1000044350e+01	4.4898380697e+02	
4.1100304157e+01	6.3490986262e+02	
4.1200439409e+01	6.9580261380e+02	
4.1300157499e+01	6.8275071526e+02	
4.1400405068e+01	6.5137020930e+02	
4.1500371941e+01	6.2874572501e+02	
4.1600148067e+01	5.3703901614e+02	
4.1700472775e+01	4.8940549852e+02	
4.1800418192e+01	5.2329408954e+02	
4.1900202073e+01	5.5976048801e+02	
4.2000556127e+01	5.7236827081e+02	
4.2100531918e+01	5.5211629695e+02	
4.2200383559e+01	4.6565122048e+02	
4.2300156355e+01	3.4076094756e+02	
4.2400193913e+01	3.5430680437e+02	
4.2500468312e+01	2.4419227475e+02	
4.2600365163e+01	2.2537674652e+02	
4.2700303884e+01	2.4642739005e+02	
4.2800354344e+01	2.0415658763e+02	
4.2900034598e+01	2.0652691082e+02	
4.3000128450e+01	2.4461517581e+02	
4.3100115004e+01	2.4923598798e+02	
4.3200461176e+01	2.1952250190e+02	
4.3300189956e+01	2.7682204792e+02	
4.3400076749e+01	3.9428005806e+02	
4.3500233029e+01	4.5080341298e+02	
4.3600290033e+01	4.8129211937e+02	
4.3700415568e+01	4.9696529994e+02	
4.3800356106e+01	5.0537638225e+02	
4.3900149403e+01	5.1067087603e+02	
4.4000192251e+01	5.4834669521e+02	
4.4100214179e+01	5.0173051503e+02	
4.4200134919e+01	4.8660874226e+02	
4.4300446020e+01	5.0207201701e+02	
4.4400429019e+01	5.2921389174e+02	
4.4500001000e+01	3.9332568117e+02	
4.4600332534e+01	5.5740123965e+02	
4.4700117409e+01	7.7521121447e+02	
4.4800296190e+01	9.3906079314e+02	
4.4900085371e+01	6.9594846493e+02	
4.5000339946e+01	6.0309709554e+02	
4.5100463146e+01	6.3420104883e+02	
4.5200374134e+01	6.8734523984e+02	
4.5300432409e+01	4.6491078687e+02	
4.5400218489e+01	3.8712613113e+02	
4.5500195897e+01	3.8675542592e+02	
4.5600222328e+01	4.0931689281e+02	
4.5700233915e+01	3.5691313833e+02	
4.5800411690e+01	2.8554142557e+02	
4.5900532225e+01	2.6119139896e+02	
4.6000104755e+01	3.0025931366e+02	
4.6100054348e+01	3.2363127389e+02	
4.6200327991e+01	3.2517547661e+02	
4.6300375454e+01	3.0773498693e+02	
4.6400127760e+01	3.2536344720e+02	
4.6500458744e+01	3.8838075299e+02	
4.6600474147e+01	7.0977612884e+02	
4.6700400405e+01	7.3662857158e+02	
4.6800092567e+01	7.0249801739e+02	
4.6900241770e+01	4.2388118446e+02	
4.7000340177e+01	4.9727530370e+02	
4.7100052184e+01	4.6317474390e+02	
4.7200051703e+01	4.6474687349e+02	
4.7300039249e+01	4.7149813789e+02	
4.7400400541e+01	4.9052022148e+02	
4.7500232229e+01	3.3692825382e+02	
4.7600411521e+01	3.3961945457e+02	
4.7700043824e+01	4.0013692390e+02	
4.7800387416e+01	3.6112817620e+02	
4.7900486063e+01	5.1432757905e+02	
4.8000116337e+01	3.9046952482e+02	
4.8100173677e+01	3.7777122251e+02	
4.8200350866e+01	4.3412626302e+02	
4.8300048856e+01	4.6004711293e+02	
4.8400336799e+01	5.2658318700e+02	
4.8500541093e+01	2.3086833324e+02	
4.8600422215e+01	2.2250723204e+02	
4.8700286280e+01	2.7759566472e+02	
4.8800439743e+01	2.4995294657e+02	
4.8900145347e+01	2.6584051363e+02	
4.9000352357e+01	3.6373636548e+02	
4.9100407742e+01	2.7266844077e+02	
4.9200454342e+01	2.5730933310e+02	
4.9300375695e+01	2.2930438346e+02	
4.9400039956e+01	1.8198492885e+02	
4.9500414029e+01	1.8515371766e+02	
4.9600064321e+01	2.3269507684e+02	
4.9700462729e+01	3.1403820153e+02	
4.9800360768e+01	3.2379116535e+02	
4.9900103246e+01	3.1263290140e+02	
5.0000380110e+01	5.3443820412e+02	
5.0100262128e+01	6.3308564188e+02	
5.0200389289e+01	5.6051627173e+02	
5.0300082418e+01	5.3110872769e+02	
5.0400318362e+01	4.7542630515e+02	
5.0500042459e+01	5.0798671763e+02	
5.0600226458e+01	5.2289021949e+02	
5.0700149531e+01	5.5219952174e+02	
5.0800252334e+01	3.9910104838e+02	
5.0900424878e+01	3.4164907618e+02	
5.1000056631e+01	3.5084601010e+02	
5.1100365362e+01	3.9327095547e+02	
5.1200253291e+01	5.1761003442e+02	
5.1300203324e+01	4.2756262102e+02	
5.1400064222e+01	3.8297988455e+02	
5.1500338995e+01	4.3949125647e+02	
5.1600497537e+01	3.5638197710e+02	
5.1700059649e+01	3.2517363831e+02	
5.1800188220e+01	3.1496151407e+02	
5.1900278904e+01	2.5297839414e+02	
5.2000209852e+01	2.5442038625e+02	
5.2100046696e+01	2.5086678328e+02	
5.2200403248e+01	2.9802504196e+02	
5.2300000918e+01	3.5458085233e+02	
5.2400394542e+01	3.6664994819e+02	
5.2500326685e+01	2.4475914057e+02	
5.2600317614e+01	2.9965255470e+02	
5.2700293850e+01	2.8907473029e+02	
5.2800245630e+01	2.6043511044e+02	
5.2900042372e+01	2.4648085940e+02	
5.3000488199e+01	2.8923895386e+02	
5.3100315188e+01	3.1202688071e+02	
5.3200499525e+01	7.1914299652e+02	
5.3300390862e+01	3.0117430480e+02	
5.3400169812e+01	5.7526144632e+02	
5.3500121307e+01	5.8579503432e+02	
5.3600400840e+01	5.3891549440e+02	
5.3700307839e+01	4.6232867147e+02	
5.3800075682e+01	4.0375571867e+02	
5.3900369277e+01	2.7970079969e+02	
5.4000364543e+01	2.9207565693e+02	
5.4100475001e+01	2.9778714666e+02	
5.4200189661e+01	4.2258401192e+02	
5.4300503571e+01	3.9729567052e+02	
5.4400205408e+01	6.0199771459e+02	
5.4500524972e+01	4.7056843497e+02	
5.4600489628e+01	3.9251954276e+02	
5.4700260993e+01	3.9995205053e+02	
5.4800143094e+01	4.3115549435e+02	
5.4900375221e+01	3.9858797476e+02	
5.5000215277e+01	3.1392661395e+02	
5.5100218734e+01	4.1267854752e+02	
5.5200558216e+01	2.2178983832e+02	
5.5300151732e+01	2.3336641163e+02	
5.5400493734e+01	2.3967320726e+02	
5.5500483249e+01	4.4235107807e+02	
5.5600122604e+01	3.1108369529e+02	
5.5700124295e+01	4.7310231814e+02	
5.5800240602e+01	4.9187799387e+02	
5.5900413898e+01	2.6862251680e+02	
5.6000380945e+01	3.2300686880e+02	
5.6100296736e+01	3.3756941526e+02	
5.6200042187e+01	3.6673073604e+02	
5.6300398488e+01	3.5788208792e+02	
5.6400036428e+01	3.2253981334e+02	
5.6500233839e+01	2.1474640179e+02	
5.6600113243e+01	3.3735430048e+02	
5.6700000153e+01	5.3444457827e+02	
5.6800266481e+01	5.0089303188e+02	
5.6900390680e+01	4.5395787387e+02	
5.7000334368e+01	3.4349217805e+02	
5.7100242707e+01	3.5482915688e+02	
5.7200402486e+01	2.9492356101e+02	
5.7300338041e+01	3.1098277984e+02	
5.7400190411e+01	4.2748568777e+02	
5.7500473598e+01	4.2647455769e+02	
5.7600192295e+01	4.7006225690e+02	
5.7700492727e+01	2.9046400942e+02	
5.7800051733e+01	2.5522512174e+02	
5.7900324186e+01	2.3884455701e+02	
5.8000033571e+01	2.3737565138e+02	
5.8100517957e+01	2.6661667644e+02	
5.8200013996e+01	2.8854543275e+02	
5.8300022592e+01	2.7500847299e+02	
5.8400373989e+01	2.2093463115e+02	
5.8500111607e+01	2.4073271696e+02	
5.8600461752e+01	2.6497562737e+02	
5.8700383917e+01	4.2931777605e+02	
5.8800370367e+01	4.4896923360e+02	
5.8900245046e+01	7.0077747480e+02	
5.9000129296e+01	4.6431639942e+02	
5.9100207451e+01	5.3249039695e+02	
5.9200170797e+01	4.2374595200e+02	
5.9300331112e+01	5.4422756281e+02	
5.9400528933e+01	4.5889332012e+02	
5.9500024065e+01	4.9357121749e+02	
5.9600421682e+01	5.2725111795e+02	
5.9700474381e+01	5.4320390100e+02	
5.9800418508e+01	5.3984076780e+02	
5.9900366687e+01	5.8315079578e+02	
6.0000142002e+01	6.0155293374e+02	
6.0100289593e+01	5.6647042737e+02	
6.0200353406e+01	5.3693905293e+02	
6.0300038726e+01	5.5254313424e+02	
6.0400298020e+01	5.7830808561e+02	
6.0500432817e+01	5.4221910680e+02	
6.0600338475e+01	5.1903242810e+02	
6.0700353024e+01	5.1591420637e+02	
6.0800555913e+01	5.4703606006e+02	
6.0900291954e+01	5.3698447946e+02	
6.1000237716e+01	4.5832205884e+02	
6.1100399608e+01	3.5615754472e+02	
6.1200214980e+01	3.0087864225e+02	
6.1300498753e+01	3.1666062744e+02	
6.1400255289e+01	2.6532272420e+02	
6.1500382486e+01	3.2445903792e+02	
6.1600132000e+01	3.6283145440e+02	
6.1700118991e+01	3.6318486812e+02	
6.1800480957e+01	3.1514067574e+02	
6.1900055560e+01	3.6026787447e+02	
6.2000367559e+01	3.8177524489e+02	
6.2100228022e+01	3.4306794532e+02	
6.2200560404e+01	2.9286816642e+02	
6.2300253372e+01	3.0513404628e+02	
6.2400524820e+01	2.9438651472e+02	
6.2500261982e+01	3.9339658138e+02	
6.2600124715e+01	3.6096128413e+02	
6.2700105743e+01	4.0698469374e+02	
6.2800358398e+01	4.7656714734e+02	
6.2900050836e+01	7.3228513212e+02	
6.3000272316e+01	6.3603703071e+02	
6.3100000226e+01	8.1126272815e+02	
6.3200403091e+01	9.2885901187e+02	
6.3300300315e+01	1.0631900949e+03	
6.3400519159e+01	1.0372093021e+03	
6.3500199969e+01	1.0162520909e+03	
6.3600188521e+01	9.5883903743e+02	
6.3700097591e+01	8.8560823578e+02	
6.3800341699e+01	8.0814227868e+02	
6.3900457237e+01	7.3845851709e+02	
6.4000514182e+01	6.8212185740e+02	
6.4100239484e+01	6.2429031109e+02	
6.4200566238e+01	5.2757270803e+02	
6.4300464175e+01	4.1194111261e+02	
6.4400572320e+01	5.4616254584e+02	
6.4500403909e+01	4.7987062411e+02	
6.4600031574e+01	5.0510257726e+02	
6.4700585778e+01	4.6591406038e+02	
6.4800216657e+01	3.4105258148e+02	
6.4900018601e+01	2.4502836866e+02	
6.5000230463e+01	2.2900311657e+02	
6.5100019105e+01	2.7371207650e+02	
6.5200383934e+01	3.2932003778e+02	
6.5300097038e+01	4.0089595489e+02	
6.5400197318e+01	4.4753555961e+02	
6.5500154963e+01	4.3655443774e+02	
6.5600157350e+01	4.1894109752e+02	
6.5700487369e+01	3.2385153816e+02	
6.5800487285e+01	4.4385352039e+02	
6.5900362875e+01	4.3788745701e+02	
6.6000389075e+01	3.4935732182e+02	
6.6100335949e+01	3.2170211499e+02	
6.6200220602e+01	3.4178766304e+02	
6.6300290514e+01	3.8197315046e+02	
6.6400410694e+01	5.2192917925e+02	
6.6500408477e+01	5.0407098226e+02	
6.6600544001e+01	5.2980305193e+02	
6.6700508445e+01	5.4494614660e+02	
6.6800112674e+01	3.8965529118e+02	
6.6900335702e+01	4.2197568218e+02	
6.7000499904e+01	4.4532347753e+02	
6.7100295424e+01	4.6324432298e+02	
6.7200188801e+01	4.7709674317e+02	
6.7300271727e+01	4.8619161665e+02	
6.7400523781e+01	3.7946365791e+02	
6.7500386943e+01	3.0886264137e+02	
6.7600246757e+01	4.3754431855e+02	
6.7700609459e+01	3.1934744149e+02	
6.7800172578e+01	2.1665370773e+02	
6.7900450356e+01	2.7914929431e+02	
6.8000524153e+01	2.5158523719e+02	
6.8100323284e+01	2.0877568895e+02	
6.8200470029e+01	3.3727423616e+02	
6.8300545222e+01	2.6863236577e+02	
6.8400553489e+01	2.5700083869e+02	
6.8500028224e+01	2.4736704369e+02	
6.8600367229e+01	3.2003462202e+02	
6.8700501604e+01	3.6018961092e+02	
6.8800426025e+01	3.3404254017e+02	
6.8900524504e+01	3.3012779267e+02	
6.9000088495e+01	3.3014592180e+02	
6.9100460493e+01	3.3806793693e+02	
6.9200568429e+01	3.7010777994e+02	
6.9300096248e+01	3.7673434784e+02	
6.9400176229e+01	3.1767796312e+02	
6.9500077288e+01	3.8313115240e+02	
6.9600367540e+01	5.1637813224e+02	
6.9700027120e+01	5.7645479642e+02	
6.9800457793e+01	5.6730341523e+02	
6.9900197637e+01	5.1271674626e+02	
7.0000368090e+01	4.9683303294e+02	
7.0100474211e+01	4.6731092246e+02	
7.0200246587e+01	5.3205495397e+02	
7.0300324097e+01	5.2553210208e+02	
7.0400198158e+01	4.7368522581e+02	
7.0500089454e+01	4.7485960525e+02	
7.0600176587e+01	4.3511778902e+02	
7.0700615960e+01	3.5278102918e+02	
7.0800312749e+01	2.5435003284e+02	
7.0900416973e+01	3.0567143360e+02	
7.1000291556e+01	2.2690580611e+02	
7.1100054342e+01	1.9041211794e+02	
7.1200029408e+01	1.6687771964e+02	
7.1300426271e+01	1.8124822223e+02	
7.1400408557e+01	2.0079790840e+02	
7.1500199472e+01	3.0594814047e+02	
7.1600551928e+01	3.7381790709e+02	
7.1700515048e+01	4.2876452873e+02	
7.1800028122e+01	3.9198766948e+02	
7.1900107165e+01	3.1523301907e+02	
7.2000181946e+01	2.9530522218e+02	
7.2100193618e+01	3.6656271115e+02	
7.2200000753e+01	3.9096893024e+02	
7.2300384174e+01	4.7252315239e+02	
7.2400058350e+01	3.7099471808e+02	
7.2500218561e+01	4.3919180515e+02	
7.2600303854e+01	4.4169542570e+02	
7.2700050451e+01	4.2511156836e+02	
7.2800514787e+01	4.3157954554e+02	
7.2900288416e+01	4.3837510150e+02	
7.3000170194e+01	4.4134173334e+02	
7.3100080906e+01	4.7369101683e+02	
7.3200446922e+01	5.0310044198e+02	
7.3300010735e+01	5.0159276785e+02	
7.3400561862e+01	2.9236274469e+02	
7.3500259505e+01	2.5112201933e+02	
7.3600005734e+01	2.6107604327e+02	
7.3700078006e+01	3.1009230755e+02	
7.3800138107e+01	3.1327879294e+02	
7.3900245361e+01	3.1384093512e+02	
7.4000169441e+01	3.1141642287e+02	
7.4100079634e+01	2.6986518009e+02	
7.4200516612e+01	3.8188115989e+02	
7.4300112104e+01	4.0455477409e+02	
7.4400059149e+01	3.7304086965e+02	
7.4500040497e+01	3.2136606211e+02	
7.4600482605e+01	2.9814642258e+02	
7.4700456342e+01	3.1391918842e+02	
7.4800412948e+01	3.2466071547e+02	
7.4900163564e+01	3.1230027989e+02	
7.5000387429e+01	3.2461711611e+02	
7.5100422458e+01	3.6126759027e+02	
7.5200521835e+01	2.7524723797e+02	
7.5300213298e+01	2.7764522268e+02	
7.5400031306e+01	2.8760775209e+02	
7.5500525902e+01	3.7328393637e+02	
7.5600399267e+01	4.2238078537e+02	
7.5700448646e+01	3.4042413456e+02	
7.5800177111e+01	3.4951870740e+02	
7.5900086503e+01	5.1081316803e+02	
7.6000323782e+01	5.0001600824e+02	
7.6100148431e+01	4.7185450782e+02	
7.6200003807e+01	4.7515460892e+02	
7.6300175769e+01	4.9484201031e+02	
7.6400486157e+01	5.3934355723e+02	
7.6500400631e+01	5.6132443478e+02	
7.6600233362e+01	5.8564846004e+02	
7.6700293294e+01	5.9848910306e+02	
7.6800022734e+01	6.2687688811e+02	
7.6900402108e+01	6.5821250699e+02	
7.7000629005e+01	6.4839017542e+02	
7.7100370947e+01	6.3425190800e+02	
7.7200228064e+01	6.3074416929e+02	
7.7300482744e+01	5.8786859185e+02	
7.7400635046e+01	4.6198536346e+02	
7.7500413684e+01	3.0675526282e+02	
7.7600597836e+01	2.8198316525e+02	
7.7700035858e+01	2.8548475014e+02	
7.7800334959e+01	2.7585445461e+02	
7.7900545109e+01	3.2225907916e+02	
7.8000240385e+01	4.4022417131e+02	
7.8100045275e+01	5.7533960178e+02	
7.8200033429e+01	5.9403381948e+02	
7.8300088719e+01	6.1555705883e+02	
7.8400261522e+01	6.0247536648e+02	
7.8500523078e+01	4.8730840093e+02	
7.8600032739e+01	3.3697578975e+02	
7.8700257450e+01	3.4518038573e+02	
7.8800338108e+01	3.7412338460e+02	
7.8900057928e+01	2.6302318783e+02	
7.9000387306e+01	3.1461597134e+02	
7.9100529044e+01	2.6406669091e+02	
7.9200272407e+01	2.6489044503e+02	
7.9300522134e+01	3.3653768564e+02	
7.9400459143e+01	3.6330788682e+02	
7.9500209469e+01	3.0179057576e+02	
7.9600112224e+01	3.2104091861e+02	
7.9700509996e+01	3.4099099473e+02	
7.9800018211e+01	4.1873880435e+02	
7.9900376255e+01	3.5995568740e+02	
8.0000169333e+01	3.6423345633e+02	
8.0100223828e+01	2.4691811123e+02	
8.0200465367e+01	1.7973718546e+02	
8.0300016247e+01	2.0913854691e+02	
8.0400188192e+01	2.6349705146e+02	
8.0500053552e+01	3.0202932576e+02	
8.0600082037e+01	2.6449977226e+02	
8.0700119093e+01	2.8793251363e+02	
8.0800120276e+01	2.5016133307e+02	
8.0900635562e+01	2.4156618208e+02	
8.1000460228e+01	2.5242995288e+02	
8.1100618938e+01	3.3044753694e+02	
8.1200130645e+01	3.8191310516e+02	
8.1300403322e+01	3.7334964205e+02	
8.1400550927e+01	3.6274950051e+02	
8.1500385918e+01	4.0823363790e+02	
8.1600190874e+01	4.1757687329e+02	
8.1700377701e+01	3.6159261422e+02	
8.1800103211e+01	4.0139089563e+02	
8.1900553637e+01	3.2800855997e+02	
8.2000503348e+01	3.5163510615e+02	
8.2100528453e+01	3.3556868597e+02	
8.2200011638e+01	3.3279811483e+02	
8.2300282830e+01	3.0852847566e+02	
8.2400529309e+01	2.8551906081e+02	
8.2500551543e+01	3.6485541259e+02	
8.2600377125e+01	3.6962347418e+02	
8.2700138487e+01	2.5474742836e+02	
8.2800108693e+01	2.9095264663e+02	
8.2900015267e+01	3.2209954515e+02	
8.3000199564e+01	3.2954626621e+02	
8.3100190215e+01	2.3744504172e+02	
8.3200269317e+01	2.7970525519e+02	
8.3300439559e+01	2.6646240807e+02	
8.3400280376e+01	2.8117253356e+02	
8.3500127693e+01	3.8343385892e+02	
8.3600220522e+01	4.8257463987e+02	
8.3700065525e+01	2.6235050713e+02	
8.3800171560e+01	2.5797790320e+02	
8.3900637770e+01	3.9430096116e+02	
8.4000044321e+01	5.3643775265e+02	
8.4100456942e+01	5.9428243092e+02	
8.4200175173e+01	5.5169080241e+02	
8.4300088503e+01	4.1772370031e+02	
8.4400050580e+01	3.8193027559e+02	
8.4500392359e+01	3.5332608392e+02	
8.4600458897e+01	3.4532392276e+02	
8.4700160374e+01	3.9700906286e+02	
8.4800395222e+01	4.3895794265e+02	
8.4900347391e+01	3.5509267603e+02	
8.5000067164e+01	3.8475807961e+02	
8.5100522194e+01	2.6358373403e+02	
8.5200523204e+01	3.2509371523e+02	
8.5300147802e+01	2.9948133596e+02	
8.5400244919e+01	2.4607081841e+02	
8.5500149910e+01	5.2693424732e+02	
8.5600520411e+01	7.9822672108e+02	
8.5700293324e+01	4.8110216511e+02	
8.5800369395e+01	4.5208957784e+02	
8.5900039057e+01	4.0051075132e+02	
8.6000340794e+01	3.4145039375e+02	
8.6100034861e+01	2.8145270715e+02	
8.6200567397e+01	2.1940589340e+02	
8.6300239735e+01	2.3784859994e+02	
8.6400215618e+01	2.4283805344e+02	
8.6500560021e+01	2.0842371799e+02	
8.6600180391e+01	2.2677683040e+02	
8.6700125307e+01	2.4638705046e+02	
8.6800592512e+01	2.6578927835e+02	
8.6900421191e+01	2.8673575434e+02	
8.7000379530e+01	3.0521109889e+02	
8.7100156395e+01	3.2596136782e+02	
8.7200342252e+01	3.4648802921e+02	
8.7300354616e+01	3.7173856972e+02	
8.7400292732e+01	3.7729589350e+02	
8.7500490143e+01	3.6942839364e+02	
8.7600429946e+01	3.4504713501e+02	
8.7700349208e+01	2.7091854060e+02	
8.7800370359e+01	2.4840185103e+02	
8.7900218963e+01	2.2785058832e+02	
8.8000109053e+01	2.8757567605e+02	
8.8100023994e+01	2.8455172958e+02	
8.8200400423e+01	3.4026186712e+02	
8.8300332202e+01	2.9642215968e+02	
8.8400519307e+01	2.6599323130e+02	
8.8500183516e+01	2.8764283375e+02	
8.8600376032e+01	3.3794510574e+02	
8.8700510721e+01	3.9441860569e+02	
8.8800233973e+01	4.0671422011e+02	
8.8900256461e+01	4.3728302468e+02	
8.9000541570e+01	4.6990278503e+02	
8.9100320212e+01	4.9726122041e+02	
8.9200002554e+01	3.4669957032e+02	
8.9300494262e+01	3.3907408645e+02	
8.9400074550e+01	3.7754989747e+02	
8.9500512859e+01	4.6201145824e+02	
8.9600385670e+01	3.8720744035e+02	
8.9700576013e+01	2.9051958223e+02	
8.9800099999e+01	2.6459086061e+02	
8.9900152831e+01	2.9050837634e+02	
9.0000041039e+01	2.5332568395e+02	
9.0100167379e+01	2.3109674539e+02	
9.0200373685e+01	2.4050098594e+02	
9.0300455102e+01	2.6263832853e+02	
9.0400120853e+01	3.1929838814e+02	
9.0500067202e+01	3.7740291075e+02	
9.0600183786e+01	4.7566732626e+02	
9.0700500482e+01	4.8354334689e+02	
9.0800521534e+01	4.9334239745e+02	
9.0900478681e+01	4.7811283056e+02	
9.1000277528e+01	4.7572637240e+02	
9.1100274847e+01	4.5093064518e+02	
9.1200446499e+01	3.9203668398e+02	
9.1300347149e+01	3.9802932289e+02	
9.1400544267e+01	4.1901678243e+02	
9.1500065266e+01	4.7415489751e+02	
9.1600487008e+01	5.2202152637e+02	
9.1700011092e+01	4.4515260950e+02	
9.1800573831e+01	4.2894193301e+02	
9.1900133559e+01	3.3352972427e+02	
9.2000246797e+01	2.6990069267e+02	
9.2100575362e+01	3.5583006956e+02	
9.2200495203e+01	3.7433629450e+02	
9.2300068400e+01	3.9800421248e+02	
9.2400405885e+01	3.9977576209e+02	
9.2500351560e+01	3.9743136083e+02	
9.2600144900e+01	3.3608038867e+02	
9.2700151244e+01	3.4082747604e+02	
9.2800260103e+01	2.9640299309e+02	
9.2900315800e+01	2.9908422348e+02	
9.3000378389e+01	2.4128023467e+02	
9.3100021079e+01	2.2654222321e+02	
9.3200087071e+01	2.5786977493e+02	
9.3300524288e+01	2.6084548418e+02	
9.3400176347e+01	2.6047459104e+02	
9.3500446458e+01	2.8964535638e+02	
9.3600294091e+01	2.9112665943e+02	
9.3700585318e+01	2.2526006094e+02	
9.3800210611e+01	2.4362042986e+02	
9.3900009660e+01	2.1721293560e+02	
9.4000432635e+01	2.1024733497e+02	
9.4100344566e+01	1.7831639391e+02	
9.4200329704e+01	1.8413025519e+02	
9.4300397495e+01	2.1432586971e+02	
9.4400108328e+01	2.5071539120e+02	
9.4500228778e+01	3.0313890390e+02	
9.4600296676e+01	3.6030322711e+02	
9.4700459630e+01	4.2700403949e+02	
9.4800389569e+01	4.6504105030e+02	
9.4900479278e+01	4.7944436399e+02	
9.5000259213e+01	4.6740191669e+02	
9.5100258489e+01	4.3700784009e+02	
9.5200060474e+01	4.7712670359e+02	
9.5300371192e+01	4.4393696981e+02	
9.5400426051e+01	4.8218001808e+02	
9.5500004068e+01	4.2201281416e+02	
9.5600203205e+01	4.8291161992e+02	
9.5700292323e+01	4.4840559862e+02	
9.5800026225e+01	4.1141575760e+02	
9.5900145006e+01	3.7861835677e+02	
9.6000288183e+01	3.9027005964e+02	
9.6100002487e+01	4.2827250795e+02	
9.6200246704e+01	4.7072607596e+02	
9.6300221194e+01	5.0923240552e+02	
9.6400576052e+01	4.1296887575e+02	
9.6500412141e+01	3.5365819148e+02	
9.6600439074e+01	2.7225506787e+02	
9.6700393086e+01	2.6237918396e+02	
9.6800444493e+01	2.4783685937e+02	
9.6900138785e+01	2.2235598831e+02	
9.7000004504e+01	2.1507872229e+02	
9.7100300700e+01	2.6671101456e+02	
9.7200072077e+01	2.0251470005e+02	
9.7300067169e+01	2.7950684765e+02	
9.7400146211e+01	3.8376944174e+02	
9.7500234377e+01	4.4785051478e+02	
9.7600192878e+01	4.6698889007e+02	
9.7700534078e+01	2.8703786527e+02	
9.7800579884e+01	3.0221753733e+02	
9.7900571419e+01	3.9363227152e+02	
9.8000386524e+01	5.1651822871e+02	
9.8100240898e+01	5.3806800174e+02	
9.8200156356e+01	5.4582952610e+02	
9.8300127344e+01	5.5105258846e+02	
9.8400133008e+01	5.5326391702e+02	
9.8500167114e+01	6.5991360787e+02	
9.8600157968e+01	8.3053105976e+02	
9.8700018118e+01	6.8105453161e+02	
9.8800536223e+01	3.8459500843e+02	
9.8900471435e+01	4.4211565841e+02	
9.9000467984e+01	4.6986627049e+02	
9.9100241065e+01	4.8984313695e+02	
9.9200293463e+01	4.4830131144e+02	
9.9300428662e+01	4.1027348873e+02	
9.9400164189e+01	3.4046262462e+02	
9.9500306437e+01	2.3385648588e+02	
9.9600164233e+01	2.7592176937e+02	
9.9700277453e+01	2.6520584038e+02	
9.9800383557e+01	2.5030513437e+02	
9.9900615471e+01	2.4200073383e+02	
1.0000041194e+02	2.4543111914e+02	
1.0010064377e+02	2.4396071815e+02	
1.0020063889e+02	2.3207781833e+02	
1.0030052430e+02	2.8602083635e+02	
1.0040001500e+02	3.8837225937e+02	
1.0050021028e+02	4.9937389956e+02	
1.0060031197e+02	5.8142138681e+02	
1.0070011661e+02	6.7149828634e+02	
1.0080030846e+02	8.4211893397e+02	
1.0090045001e+02	8.7926816656e+02	
1.0100038343e+02	8.9645163691e+02	
1.0110000902e+02	8.9756251134e+02	
1.0120020116e+02	8.5514693690e+02	
1.0130021345e+02	6.1792060100e+02	
1.0140020956e+02	3.9225353836e+02	
1.0150043459e+02	3.9940621214e+02	
1.0160003079e+02	4.4887247532e+02	
1.0170048375e+02	4.9174963411e+02	
1.0180034007e+02	5.2358182115e+02	
1.0190050744e+02	5.4509622583e+02	
1.0200019302e+02	5.5397779285e+02	
1.0210035729e+02	5.5702453018e+02	
1.0220022259e+02	5.5237920727e+02	
1.0230012973e+02	4.1039968614e+02	
1.0240044807e+02	4.3833725406e+02	
1.0250009917e+02	4.4409229621e+02	
1.0260055725e+02	4.2733760404e+02	
1.0270020775e+02	3.8466416318e+02	
1.0280021563e+02	3.5501162994e+02	
1.0290005776e+02	3.0422071555e+02	
1.0300059237e+02	2.2830125853e+02	
1.0310053992e+02	2.2185574469e+02	
1.0320001289e+02	2.1562365539e+02	
1.0330060951e+02	1.9709169592e+02	
1.0340047005e+02	2.3480691615e+02	
1.0350032566e+02	3.4710734156e+02	
1.0360004563e+02	3.2348139914e+02	
1.0370044801e+02	4.9661707852e+02	
1.0380040118e+02	5.1926004296e+02	
1.0390010831e+02	4.1131390501e+02	
1.0400040718e+02	3.2457195849e+02	
1.0410044583e+02	3.0075196092e+02	
1.0420057211e+02	3.1928088635e+02	
1.0430026373e+02	3.6087974237e+02	
1.0440012465e+02	3.9480570477e+02	
1.0450050182e+02	4.5282271062e+02	
1.0460055957e+02	4.4160304942e+02	
1.0470007930e+02	4.6776499395e+02	
1.0480004937e+02	4.7134725184e+02	
1.0490008511e+02	4.4668158146e+02	
1.0500050049e+02	4.2611123854e+02	
1.0510002233e+02	4.1159862364e+02	
1.0520026158e+02	4.0588730281e+02	
1.0530012898e+02	3.9763009341e+02	
1.0540043808e+02	3.8288006599e+02	
1.0550044320e+02	3.8634803555e+02	
1.0560050254e+02	3.8386032837e+02	
1.0570017399e+02	3.7603922288e+02	
1.0580035241e+02	3.5790990381e+02	
1.0590009082e+02	3.2827168030e+02	
1.0600007266e+02	2.8205495183e+02	
1.0610008528e+02	2.5814563281e+02	
1.0620059926e+02	2.5918669608e+02	
1.0630024566e+02	3.1940244429e+02	
1.0640029942e+02	4.0582989018e+02	
1.0650015131e+02	4.1176042480e+02	
1.0660057639e+02	5.1383482319e+02	
1.0670052011e+02	5.7896017995e+02	
1.0680001667e+02	5.1195501712e+02	
1.0690037499e+02	7.0825646115e+02	
1.0700046050e+02	6.1880414033e+02	
1.0710039528e+02	6.3376519680e+02	
1.0720015781e+02	6.4609006618e+02	
1.0730016950e+02	6.4458236012e+02	
1.0740028234e+02	5.4280783302e+02	
1.0750044238e+02	5.0211486411e+02	
1.0760042663e+02	4.5394457050e+02	
1.0770032916e+02	4.0468202994e+02	
1.0780040193e+02	3.5809545215e+02	
1.0790014580e+02	3.6031791051e+02	
1.0800047537e+02	3.6172909453e+02	
1.0810026636e+02	3.6271189189e+02	
1.0820044260e+02	3.4033461459e+02	
1.0830040540e+02	3.5321901366e+02	
1.0840000310e+02	3.8993575466e+02	
1.0850022205e+02	3.6256437299e+02	
1.0860042776e+02	3.3299573019e+02	
1.0870053063e+02	3.0779740867e+02	
1.0880044072e+02	3.7653478170e+02	
1.0890048569e+02	3.4442340135e+02	
1.0900034952e+02	3.5020630413e+02	
1.0910037473e+02	2.3626957258e+02	
1.0920022280e+02	2.3329424502e+02	
1.0930017150e+02	1.9782507791e+02	
1.0940029604e+02	1.8768942621e+02	
1.0950057057e+02	2.0036319056e+02	
1.0960033747e+02	2.5707696351e+02	
1.0970026616e+02	2.3632804584e+02	
1.0980057609e+02	2.2627233450e+02	
1.0990048526e+02	2.6782364474e+02	
1.1000039288e+02	2.5913524974e+02	
1.1010026585e+02	2.7883402435e+02	
1.1020021282e+02	3.0271036451e+02	
1.1030046416e+02	3.5654917193e+02	
1.1040000326e+02	3.7183394706e+02	
1.1050050687e+02	3.8278105137e+02	
1.1060057023e+02	3.9018595640e+02	
1.1070054523e+02	3.2138548873e+02	
1.1080021762e+02	2.8626627650e+02	
1.1090032141e+02	3.4302517058e+02	
1.1100008627e+02	4.1823438294e+02	
1.1110047270e+02	4.8362626948e+02	
1.1120013317e+02	4.2168133533e+02	
1.1130016853e+02	4.6219073522e+02	
1.1140029019e+02	4.8315850344e+02	
1.1150016400e+02	6.3655769071e+02	
1.1160006168e+02	6.5351918449e+02	
1.1170009348e+02	4.7419706723e+02	
1.1180011383e+02	4.8079198264e+02	
1.1190058793e+02	4.8259771364e+02	
1.1200041373e+02	4.2676015849e+02	
1.1210057195e+02	5.0977308937e+02	
1.1220057010e+02	4.9184411192e+02	
1.1230002106e+02	4.3633651416e+02	
1.1240046417e+02	3.5746281058e+02	
1.1250026663e+02	4.0984007243e+02	
1.1260059771e+02	3.8806451156e+02	
1.1270055263e+02	3.2339661232e+02	
1.1280008379e+02	3.9175568432e+02	
1.1290030877e+02	4.9752231830e+02	
1.1300004243e+02	5.1235306725e+02	
1.1310034878e+02	6.4878084147e+02	
1.1320014483e+02	6.7917137224e+02	
1.1330012728e+02	7.5378213736e+02	
1.1340023038e+02	8.2920627058e+02	
1.1350015414e+02	1.0991065823e+03	
1.1360017641e+02	1.1485424649e+03	
1.1370051075e+02	1.0541180695e+03	
1.1380006355e+02	9.3623452099e+02	
1.1390013576e+02	8.3207818287e+02	
1.1400047320e+02	7.6784308838e+02	
1.1410013396e+02	7.4430211045e+02	
1.1420055806e+02	7.1466101969e+02	
1.1430019884e+02	6.7165743966e+02	
1.1440016090e+02	6.1044013240e+02	
1.1450013873e+02	5.3502710312e+02	
1.1460047077e+02	5.4685295113e+02	
1.1470006111e+02	5.4059978386e+02	
1.1480002283e+02	4.7472344067e+02	
1.1490016470e+02	4.8865404958e+02	
1.1500031885e+02	4.5256065735e+02	
1.1510010815e+02	3.8976735330e+02	
1.1520021195e+02	4.2799300914e+02	
1.1530001794e+02	3.5837784458e+02	
1.1540052055e+02	3.3209128291e+02	
1.1550063815e+02	3.1420845888e+02	
1.1560025543e+02	3.2203400770e+02	
1.1570038937e+02	2.4430826067e+02	
1.1580054441e+02	2.1134324613e+02	
1.1590044053e+02	2.2830721945e+02	
1.1600026369e+02	3.4512342242e+02	
1.1610013719e+02	5.6946703957e+02	
1.1620045430e+02	5.8009428839e+02	
1.1630040093e+02	4.3609918151e+02	
1.1640037212e+02	3.7700610334e+02	
1.1650024442e+02	3.6702241008e+02	
1.1660051996e+02	3.4116911827e+02	
1.1670056295e+02	3.6597446930e+02	
1.1680006875e+02	3.7077229302e+02	
1.1690027353e+02	4.0106064992e+02	
1.1700047678e+02	5.0542469253e+02	
1.1710052570e+02	5.6442818491e+02	
1.1720001758e+02	5.8518719138e+02	
1.1730035705e+02	5.9885315540e+02	
1.1740012978e+02	5.5192755459e+02	
1.1750055302e+02	5.6764412787e+02	
1.1760021674e+02	5.7573821323e+02	
1.1770011632e+02	5.7068647957e+02	
1.1780047347e+02	5.5473657040e+02	
1.1790058424e+02	5.3523264483e+02	
1.1800039010e+02	5.6196330644e+02	
1.1810031639e+02	5.3459108270e+02	
1.1820038867e+02	4.4461669084e+02	
1.1830034022e+02	3.0772940098e+02	
1.1840042099e+02	3.1855745681e+02	
1.1850007326e+02	3.3699323162e+02	
1.1860018022e+02	3.6551804323e+02	
1.1870038229e+02	3.4158428762e+02	
1.1880034442e+02	3.1578696860e+02	
1.1890027945e+02	3.2918079184e+02	
1.1900018593e+02	3.1304087382e+02	
1.1910022182e+02	3.3847015421e+02	
1.1920044093e+02	7.3627733784e+02	
1.1930022754e+02	6.1343406128e+02	
1.1940016010e+02	4.7716677171e+02	
1.1950042849e+02	4.1126130712e+02	
1.1960023338e+02	4.6287980392e+02	
1.1970039929e+02	3.7351148528e+02	
1.1980037563e+02	3.3988418897e+02	
1.1990050081e+02	3.2400788151e+02	
1.2000008454e+02	4.2583184152e+02	
1.2010054228e+02	4.2226362066e+02	
1.2020027131e+02	3.9532599928e+02	
1.2030033889e+02	3.3741137367e+02	
1.2040031611e+02	2.7991562137e+02	
1.2050028304e+02	2.5407090601e+02	
1.2060050738e+02	2.6653693190e+02	
1.2070041472e+02	2.5416833053e+02	
1.2080034532e+02	2.9897631866e+02	
1.2090058174e+02	3.1100321133e+02	
1.2100019349e+02	4.1951312862e+02	
1.2110027431e+02	4.0409166226e+02	
1.2120025645e+02	3.7249104734e+02	
1.2130033211e+02	3.3131485543e+02	
1.2140017551e+02	3.5796560176e+02	
1.2150030358e+02	3.5153427368e+02	
1.2160055425e+02	2.6970169918e+02	
1.2170043005e+02	2.4085594689e+02	
1.2180051179e+02	2.2481634999e+02	
1.2190029796e+02	2.4774900634e+02	
1.2200008796e+02	2.7486008996e+02	
1.2210016164e+02	2.5854704973e+02	
1.2220012214e+02	3.1934013022e+02	
1.2230009887e+02	3.6430147161e+02	
1.2240033907e+02	3.7053566654e+02	
1.2250032623e+02	3.1925221630e+02	
1.2260008345e+02	3.3396754694e+02	
1.2270052187e+02	4.9918815149e+02	
1.2280011379e+02	6.1581585211e+02	
1.2290014112e+02	6.2522484439e+02	
1.2300004348e+02	4.9424867011e+02	
1.2310034239e+02	3.3731799523e+02	
1.2320025173e+02	3.6861020474e+02	
1.2330007339e+02	4.1797110050e+02	
1.2340009450e+02	3.6844596524e+02	
1.2350020220e+02	4.9731890119e+02	
1.2360033497e+02	6.6885616949e+02	
1.2370053309e+02	3.8848579576e+02	
1.2380038407e+02	4.4245610658e+02	
1.2390009448e+02	4.2808891751e+02	
1.2400042421e+02	4.3216369774e+02	
1.2410046914e+02	4.1701854413e+02	
1.2420013159e+02	4.0541565136e+02	
1.2430007000e+02	3.8868848222e+02	
1.2440055366e+02	3.7878712498e+02	
1.2450023658e+02	3.8279894907e+02	
1.2460000709e+02	4.6663977038e+02	
1.2470040122e+02	5.6953117729e+02	
1.2480009110e+02	4.4122946808e+02	
1.2490055014e+02	3.0429803708e+02	
1.2500056131e+02	2.2021261031e+02	
1.2510010510e+02	1.6693589288e+02	
1.2520063146e+02	1.4059798482e+02	
1.2530032309e+02	1.3617511392e+02	
1.2540001938e+02	1.9033456771e+02	
1.2550052862e+02	2.7220264027e+02	
1.2560015311e+02	2.5407931982e+02	
1.2570010249e+02	3.0974785757e+02	
1.2580038682e+02	3.3428326935e+02	
1.2590058135e+02	3.1645486589e+02	
1.2600033253e+02	3.0094598353e+02	
1.2610052254e+02	3.0380637716e+02	
1.2620029458e+02	3.2282287660e+02	
1.2630027430e+02	3.3736951729e+02	
1.2640037905e+02	3.5659147133e+02	
1.2650012261e+02	3.1998022924e+02	
1.2660045034e+02	3.2311896403e+02	
1.2670017334e+02	3.2874289325e+02	
1.2680050444e+02	3.5766050085e+02	
1.2690030015e+02	4.2968554190e+02	
1.2700053323e+02	4.5694314283e+02	
1.2710033138e+02	7.0301727645e+02	
1.2720029832e+02	5.7712132104e+02	
1.2730014187e+02	4.8036212911e+02	
1.2740030715e+02	4.0167238226e+02	
1.2750024360e+02	3.4314566566e+02	
1.2760024506e+02	3.4334214475e+02	
1.2770050340e+02	2.9809196936e+02	
1.2780013784e+02	3.2425659668e+02	
1.2790013114e+02	4.7309632850e+02	
1.2800063708e+02	9.7606365293e+02	
1.2810012636e+02	1.1241034119e+03	
1.2820013764e+02	5.1729699170e+02	
1.2830028084e+02	3.9750222673e+02	
1.2840023226e+02	2.9220255543e+02	
1.2850008529e+02	2.7224695383e+02	
1.2860054252e+02	3.0967211066e+02	
1.2870025326e+02	4.0614872761e+02	
1.2880007120e+02	3.9101785409e+02	
1.2890054542e+02	2.4352628625e+02	
1.2900017193e+02	2.2300263784e+02	
1.2910026417e+02	2.3661227688e+02	
1.2920041435e+02	2.7789043277e+02	
1.2930039096e+02	2.7577997808e+02	
1.2940033216e+02	3.3700457069e+02	
1.2950046652e+02	3.5274192916e+02	
1.2960007883e+02	3.4181165527e+02	
1.2970047455e+02	3.3492105751e+02	
1.2980008740e+02	2.9245336352e+02	
1.2990018798e+02	2.8533192861e+02	
1.3000005439e+02	2.8686024627e+02	
1.3010048192e+02	4.3376688861e+02	
1.3020033640e+02	2.8937734022e+02	
1.3030035623e+02	3.0275027987e+02	
1.3040030259e+02	2.4174380216e+02	
1.3050053417e+02	3.1244052471e+02	
1.3060044534e+02	3.1237912196e+02	
1.3070057486e+02	3.4205628036e+02	
1.3080017309e+02	3.7049380247e+02	
1.3090056555e+02	3.3844255691e+02	
1.3100019761e+02	2.5990601061e+02	
1.3110045398e+02	2.7190299494e+02	
1.3120041903e+02	2.2808563461e+02	
1.3130042223e+02	2.1760223411e+02	
1.3140038349e+02	1.7905493913e+02	
1.3150002044e+02	1.7632555187e+02	
1.3160050918e+02	1.5791477791e+02	
1.3170036744e+02	1.3299394161e+02	
1.3180017977e+02	1.1967668164e+02	
1.3190057738e+02	1.2268592815e+02	
1.3200025547e+02	2.2030387076e+02	
1.3210014955e+02	2.4877812010e+02	
1.3220030448e+02	2.6671420044e+02	
1.3230022454e+02	2.8983524845e+02	
1.3240014536e+02	2.7797668041e+02	
1.3250047337e+02	2.7446830389e+02	
1.3260042150e+02	3.3305046237e+02	
1.3270033432e+02	5.1766314137e+02	
1.3280052342e+02	6.3617646696e+02	
1.3290047968e+02	6.8044422053e+02	
1.3300032151e+02	6.9826227491e+02	
1.3310003989e+02	5.0194616135e+02	
1.3320045961e+02	6.1498337597e+02	
1.3330013394e+02	8.6451197486e+02	
1.3340029182e+02	8.4248778728e+02	
1.3350012415e+02	7.6516187214e+02	
1.3360053269e+02	5.7202407743e+02	
1.3370039024e+02	5.5317710128e+02	
1.3380039488e+02	4.1209926230e+02	
1.3390057031e+02	5.5409807533e+02	
1.3400022354e+02	3.9132335881e+02	
1.3410037976e+02	4.7464583938e+02	
1.3420054131e+02	3.8226361601e+02	
1.3430024972e+02	2.8809156039e+02	
1.3440022441e+02	3.8623923178e+02	
1.3450020348e+02	3.4094630203e+02	
1.3460022098e+02	2.4427540086e+02	
1.3470062789e+02	2.9429587925e+02	
1.3480003042e+02	3.1000577671e+02	
1.3490060581e+02	3.5267515980e+02	
1.3500055793e+02	3.7057993406e+02	
1.3510005093e+02	3.7778280160e+02	
1.3520034278e+02	3.7622286663e+02	
1.3530054689e+02	3.4558085516e+02	
1.3540054213e+02	2.9274674936e+02	
1.3550008468e+02	2.6745760300e+02	
1.3560008358e+02	3.1503944573e+02	
1.3570020026e+02	3.2250589502e+02	
1.3580049208e+02	4.2788237430e+02	
1.3590024991e+02	5.2009696567e+02	
1.3600008822e+02	6.2232666653e+02	
1.3610016883e+02	5.7628016544e+02	
1.3620019977e+02	6.4104649754e+02	
1.3630049527e+02	4.9342455281e+02	
1.3640045935e+02	7.2855222598e+02	
1.3650053713e+02	7.0359262826e+02	
1.3660012330e+02	5.3113692953e+02	
1.3670051792e+02	4.6313779135e+02	
1.3680032579e+02	4.3256266053e+02	
1.3690012233e+02	4.1372303321e+02	
1.3700057114e+02	3.9108959145e+02	
1.3710038214e+02	3.0345880318e+02	
1.3720030213e+02	2.6367101828e+02	
1.3730045445e+02	3.1412521499e+02	
1.3740022515e+02	2.4025555567e+02	
1.3750035535e+02	2.3021557574e+02	
1.3760029757e+02	2.0253468003e+02	
1.3770011132e+02	1.7988200313e+02	
1.3780030573e+02	2.4322270670e+02	
1.3790038806e+02	1.7254762803e+02	
1.3800057321e+02	1.9198414668e+02	
1.3810012050e+02	1.6259580887e+02	
1.3820034763e+02	1.7698055577e+02	
1.3830022435e+02	1.8857310072e+02	
1.3840058706e+02	2.3387375359e+02	
1.3850052854e+02	3.8609265215e+02	
1.3860053924e+02	4.2296371701e+02	
1.3870022598e+02	4.0311875643e+02	
1.3880015541e+02	3.7914791397e+02	
1.3890010907e+02	4.6015107829e+02	
1.3900046015e+02	5.6357901008e+02	
1.3910019597e+02	5.9201151480e+02	
1.3920032255e+02	4.3479293388e+02	
1.3930014329e+02	3.9428932174e+02	
1.3940007192e+02	4.1170690436e+02	
1.3950033100e+02	4.1144761790e+02	
1.3960028878e+02	3.9915901147e+02	
1.3970000617e+02	4.1007434195e+02	
1.3980006278e+02	4.1547834130e+02	
1.3990055660e+02	4.1879817800e+02	
1.4000036486e+02	4.2119805281e+02	
1.4010008293e+02	4.6128254020e+02	
1.4020038101e+02	5.3137752505e+02	
1.4030045265e+02	5.1500680397e+02	
1.4040007412e+02	3.5932622619e+02	
1.4050053094e+02	2.7500795045e+02	
1.4060048766e+02	2.1303438532e+02	
1.4070031371e+02	2.1732318307e+02	
1.4080039888e+02	2.0283611949e+02	
1.4090062615e+02	2.1559373171e+02	
1.4100005620e+02	2.1164142403e+02	
1.4110041209e+02	2.6525084286e+02	
1.4120024321e+02	3.3994231171e+02	
1.4130054107e+02	3.8151412323e+02	
1.4140013890e+02	4.8400645894e+02	
1.4150006181e+02	5.6702622797e+02	
1.4160007783e+02	5.2154313731e+02	
1.4170027118e+02	4.7097727553e+02	
1.4180034974e+02	3.9478349806e+02	
1.4190012077e+02	4.1804032831e+02	
1.4200040125e+02	3.8406834225e+02	
1.4210015425e+02	2.9903851221e+02	
1.4220041910e+02	3.1233539259e+02	
1.4230041239e+02	2.1654689414e+02	
1.4240028901e+02	2.4606429867e+02	
1.4250047578e+02	2.5204006857e+02	
1.4260017625e+02	3.2037205486e+02	
1.4270038598e+02	3.2614569721e+02	
1.4280007539e+02	3.0350807175e+02	
1.4290015726e+02	2.8805727998e+02	
1.4300038163e+02	2.9479351674e+02	
1.4310043771e+02	3.2647994407e+02	
1.4320040594e+02	4.4899840138e+02	
1.4330016501e+02	3.6561849651e+02	
1.4340019704e+02	4.2506216398e+02	
1.4350019774e+02	4.7364443150e+02	
1.4360056104e+02	3.7131547452e+02	
1.4370052452e+02	2.5013983867e+02	
1.4380035355e+02	1.8420917601e+02	
1.4390001144e+02	2.6035589578e+02	
1.4400046158e+02	2.5907291025e+02	
1.4410057187e+02	4.2949847840e+02	
1.4420017692e+02	3.7210108701e+02	
1.4430027395e+02	5.4808102989e+02	
1.4440054924e+02	4.5738886089e+02	
1.4450025827e+02	2.9428055269e+02	
1.4460051720e+02	3.4267483353e+02	
1.4470026373e+02	3.3119472664e+02	
1.4480028307e+02	3.1405804472e+02	
1.4490047488e+02	2.6248167821e+02	
1.4500043662e+02	2.3691669027e+02	
1.4510018941e+02	2.0856755821e+02	
1.4520025079e+02	1.9270181848e+02	
1.4530038101e+02	2.3304764871e+02	
1.4540045316e+02	3.3387724583e+02	
1.4550021537e+02	3.6697558098e+02	
1.4560003154e+02	3.0951813822e+02	
1.4570007474e+02	3.7006842138e+02	
1.4580042062e+02	3.7093466483e+02	
1.4590000992e+02	4.1094523442e+02	
1.4600011799e+02	5.0438018339e+02	
1.4610000174e+02	5.8999107106e+02	
1.4620043702e+02	6.6102034542e+02	
1.4630000041e+02	7.3185190055e+02	
1.4640012111e+02	8.4195088070e+02	
1.4650048577e+02	8.2150973076e+02	
1.4660029484e+02	6.3947158354e+02	
1.4670033063e+02	4.0906758606e+02	
1.4680059969e+02	3.3632134738e+02	
1.4690045079e+02	3.0704541739e+02	
1.4700059975e+02	3.2679710454e+02	
1.4710034995e+02	2.9761014232e+02	
1.4720061132e+02	2.3446908339e+02	
1.4730058492e+02	2.3003239893e+02	
1.4740031324e+02	2.9461268989e+02	
1.4750035529e+02	3.7488135388e+02	
1.4760015670e+02	5.6970297134e+02	
1.4770009074e+02	6.5309427570e+02	
1.4780023899e+02	4.5151627318e+02	
1.4790003489e+02	4.6203525549e+02	
1.4800027770e+02	4.4397950992e+02	
1.4810016347e+02	4.5358115561e+02	
1.4820024832e+02	5.0782400157e+02	
1.4830030575e+02	4.7499486020e+02	
1.4840034539e+02	4.3577203339e+02	
1.4850005067e+02	4.2836993227e+02	
1.4860013304e+02	9.7876422288e+02	
1.4870002233e+02	1.4041389092e+03	
1.4880043160e+02	1.4572063666e+03	
1.4890033531e+02	1.5340129019e+03	
1.4900033180e+02	8.7921272557e+02	
1.4910027174e+02	5.0571449647e+02	
1.4920041073e+02	7.1591427695e+02	
1.4930047707e+02	1.1501735761e+03	
1.4940038340e+02	1.0124768677e+03	
1.4950039427e+02	9.7624082004e+02	
1.4960014936e+02	1.0173475888e+03	
1.4970005619e+02	1.1239564187e+03	
1.4980057683e+02	1.1176063328e+03	
1.4990052240e+02	1.0439371375e+03	
1.5000001871e+02	9.5839251774e+02	
1.5010050940e+02	7.0743136936e+02	
1.5020059604e+02	4.8154743813e+02	
1.5030037295e+02	4.2087166348e+02	
1.5040049355e+02	3.4055970236e+02	
1.5050032502e+02	2.7801954859e+02	
1.5060050398e+02	2.8306695686e+02	
1.5070026903e+02	3.2542936354e+02	
1.5080039267e+02	4.9598368911e+02	
1.5090026405e+02	5.9259674050e+02	
1.5100027307e+02	5.6840151929e+02	
1.5110054582e+02	4.5305436879e+02	
1.5120005975e+02	3.8238307808e+02	
1.5130010349e+02	3.0748268650e+02	
1.5140044960e+02	3.2970832126e+02	
1.5150026966e+02	5.1628017366e+02	
1.5160005022e+02	5.8118046499e+02	
1.5170030032e+02	5.0983961478e+02	
1.5180043603e+02	5.2598193921e+02	
1.5190031085e+02	5.4854725853e+02	
1.5200031711e+02	5.2822281996e+02	
1.5210015565e+02	4.8317446600e+02	
1.5220049838e+02	4.4964854649e+02	
1.5230027670e+02	4.3656174010e+02	
1.5240047786e+02	4.2975464661e+02	
1.5250010599e+02	3.7580162673e+02	
1.5260021634e+02	3.7431207880e+02	
1.5270012203e+02	3.7665615420e+02	
1.5280035485e+02	3.8179606452e+02	
1.5290053650e+02	3.8892582353e+02	
1.5300044647e+02	3.9147644107e+02	
1.5310009140e+02	3.8477783705e+02	
1.5320025885e+02	2.1381582065e+02	
1.5330030154e+02	1.9356325616e+02	
1.5340036667e+02	2.7323858323e+02	
1.5350026148e+02	2.6740424969e+02	
1.5360011089e+02	2.2635924737e+02	
1.5370036293e+02	3.6814757897e+02	
1.5380042958e+02	2.6519794402e+02	
1.5390053765e+02	2.6047931849e+02	
1.5400023001e+02	2.5037543919e+02	
1.5410016527e+02	2.2017696414e+02	
1.5420051727e+02	2.3607966601e+02	
1.5430029338e+02	2.4054248706e+02	
1.5440012410e+02	2.9230326588e+02	
1.5450018230e+02	2.7618726648e+02	
1.5460051849e+02	1.9803053574e+02	
1.5470025699e+02	2.1783802463e+02	
1.5480017510e+02	2.4118724921e+02	
1.5490019876e+02	2.6144390259e+02	
1.5500017023e+02	2.5974543881e+02	
1.5510022528e+02	2.6720746290e+02	
1.5520012949e+02	2.5858002851e+02	
1.5530028005e+02	2.7403886137e+02	
1.5540014845e+02	2.3639968576e+02	
1.5550000786e+02	2.1162240319e+02	
1.5560015806e+02	3.7011688197e+02	
1.5570024539e+02	4.3381432919e+02	
1.5580042056e+02	5.0087878771e+02	
1.5590041567e+02	5.0959194833e+02	
1.5600017120e+02	4.5871083482e+02	
1.5610052157e+02	4.3160104010e+02	
1.5620011454e+02	3.6076102775e+02	
1.5630016697e+02	3.7641362898e+02	
1.5640053705e+02	5.0450099335e+02	
1.5650045061e+02	4.3891458444e+02	
1.5660018766e+02	3.0050254591e+02	
1.5670032183e+02	2.9049350571e+02	
1.5680052107e+02	3.5952772560e+02	
1.5690008597e+02	3.2629893671e+02	
1.5700054195e+02	3.3354747250e+02	
1.5710007466e+02	4.5736423607e+02	
1.5720055237e+02	3.6886231110e+02	
1.5730040051e+02	4.0447071154e+02	
1.5740048578e+02	3.8224667508e+02	
1.5750013992e+02	4.5082348336e+02	
1.5760009314e+02	3.2645034791e+02	
1.5770022250e+02	4.0160674142e+02	
1.5780016316e+02	8.9643107049e+02	
1.5790024315e+02	6.9269220523e+02	
1.5800006773e+02	9.0517752469e+02	
1.5810028422e+02	8.4754981669e+02	
1.5820052333e+02	8.8795654085e+02	
1.5830054590e+02	1.1263014402e+03	
1.5840046354e+02	9.7647363978e+02	
1.5850001317e+02	7.3038925606e+02	
1.5860024291e+02	7.4825384060e+02	
1.5870000431e+02	8.2967659562e+02	
1.5880024832e+02	7.9054284575e+02	
1.5890016910e+02	8.2410661350e+02	
1.5900008925e+02	5.8987866733e+02	
1.5910055027e+02	6.7021247166e+02	
1.5920002293e+02	3.7551472770e+02	
1.5930003540e+02	2.5786374571e+02	
1.5940001727e+02	2.5076294941e+02	
1.5950057279e+02	4.0196431039e+02	
1.5960050780e+02	3.6820381639e+02	
1.5970019226e+02	2.2471594866e+02	
1.5980004511e+02	1.9731715694e+02	
1.5990047412e+02	1.7427727337e+02	
1.6000001019e+02	1.7999148701e+02	
1.6010009812e+02	2.0554412228e+02	
1.6020019315e+02	2.0869486404e+02	
1.6030034212e+02	2.1531808463e+02	
1.6040001115e+02	3.0855832103e+02	
1.6050033515e+02	4.1919574894e+02	
1.6060048662e+02	2.4857186281e+02	
1.6070012622e+02	2.6323379667e+02	
1.6080002843e+02	3.0930642408e+02	
1.6090026975e+02	3.2555482403e+02	
1.6100013960e+02	3.5736037349e+02	
1.6110050162e+02	3.3806411458e+02	
1.6120045272e+02	3.4244348010e+02	
1.6130050850e+02	7.6606837807e+02	
1.6140043082e+02	6.3264879651e+02	
1.6150017220e+02	4.5763300239e+02	
1.6160030309e+02	4.9561203373e+02	
1.6170026472e+02	4.2819296893e+02	
1.6180002797e+02	3.8631647046e+02	
1.6190015951e+02	3.5590510433e+02	
1.6200003669e+02	3.9915766354e+02	
1.6210019165e+02	5.1736981901e+02	
1.6220001138e+02	6.6746032429e+02	
1.6230000112e+02	5.0608329124e+02	
1.6240017745e+02	5.3183859265e+02	
1.6250039312e+02	3.0855971934e+02	
1.6260001136e+02	2.2986991010e+02	
1.6270050311e+02	2.1546417454e+02	
1.6280055063e+02	2.1255420351e+02	
1.6290028569e+02	2.4044994262e+02	
1.6300059829e+02	2.5137334552e+02	
1.6310016713e+02	2.4251206594e+02	
1.6320059414e+02	2.3987167276e+02	
1.6330021885e+02	3.1307696350e+02	
1.6340041291e+02	3.6524596288e+02	
1.6350009717e+02	4.9360742214e+02	
1.6360053129e+02	5.1140720905e+02	
1.6370019866e+02	4.5318564073e+02	
1.6380018890e+02	4.0785387376e+02	
1.6390002578e+02	4.0638754819e+02	
1.6400011108e+02	3.6853531753e+02	
1.6410051718e+02	3.9337782802e+02	
1.6420009795e+02	5.6831567528e+02	
1.6430007992e+02	5.3283932616e+02	
1.6440047009e+02	4.9311019326e+02	
1.6450001615e+02	5.2093010350e+02	
1.6460030206e+02	5.2233168714e+02	
1.6470017595e+02	5.7742618090e+02	
1.6480032483e+02	4.5904751368e+02	
1.6490020475e+02	4.5942695598e+02	
1.6500049154e+02	4.7705064263e+02	
1.6510032523e+02	4.2589186689e+02	
1.6520006804e+02	3.7753513446e+02	
1.6530038096e+02	2.6560857594e+02	
1.6540020043e+02	2.1025420748e+02	
1.6550011634e+02	2.3550327029e+02	
1.6560010433e+02	2.1451024069e+02	
1.6570007257e+02	2.2345151856e+02	
1.6580006381e+02	3.0614188010e+02	
1.6590062372e+02	2.5021397954e+02	
1.6600000224e+02	2.7001510575e+02	
1.6610050321e+02	3.5653033878e+02	
1.6620053914e+02	3.0377836184e+02	
1.6630018515e+02	3.8312218546e+02	
1.6640047702e+02	3.6152487856e+02	
1.6650047988e+02	2.9051157947e+02	
1.6660058413e+02	2.3010610694e+02	
1.6670038609e+02	2.1403778036e+02	
1.6680056785e+02	2.0515193555e+02	
1.6690041109e+02	2.4564391297e+02	
1.6700030345e+02	2.5076789308e+02	
1.6710023931e+02	2.5965009398e+02	
1.6720008572e+02	3.4113133762e+02	
1.6730039125e+02	3.1715474270e+02	
1.6740053185e+02	3.7274512788e+02	
1.6750027557e+02	3.2479743221e+02	
1.6760042909e+02	3.3053467945e+02	
1.6770043406e+02	2.9835401688e+02	
1.6780014690e+02	3.3002231824e+02	
1.6790020228e+02	4.6056711262e+02	
1.6800024573e+02	5.3102219101e+02	
1.6810049214e+02	6.7315090685e+02	
1.6820034131e+02	8.0520641189e+02	
1.6830043853e+02	9.2016339459e+02	
1.6840024850e+02	1.0025428166e+03	
1.6850043714e+02	1.0372022846e+03	
1.6860031588e+02	1.0506632605e+03	
1.6870001491e+02	1.0080379391e+03	
1.6880009080e+02	5.5355392225e+02	
1.6890001488e+02	3.4485246298e+02	
1.6900017673e+02	2.8212131910e+02	
1.6910005951e+02	5.5871956834e+02	
1.6920050113e+02	5.9761676880e+02	
1.6930061034e+02	4.1931804275e+02	
1.6940023585e+02	3.0821820257e+02	
1.6950021678e+02	4.0190740453e+02	
1.6960035565e+02	3.6325887541e+02	
1.6970020338e+02	3.4109872197e+02	
1.6980018677e+02	6.4935582297e+02	
1.6990058773e+02	7.0604157347e+02	
1.7000030190e+02	6.6463060860e+02	
1.7010034924e+02	6.5525758106e+02	
1.7020044916e+02	3.9797727554e+02	
1.7030027813e+02	3.4849762518e+02	
1.7040016428e+02	4.2612384279e+02	
1.7050042062e+02	3.3616660425e+02	
1.7060053669e+02	3.7039627982e+02	
1.7070036290e+02	4.0754072057e+02	
1.7080003924e+02	3.3070524451e+02	
1.7090044984e+02	3.0517097157e+02	
1.7100025550e+02	2.9822563546e+02	
1.7110003409e+02	3.3028378781e+02	
1.7120018901e+02	3.8099288647e+02	
1.7130042633e+02	5.6451291657e+02	
1.7140050701e+02	6.2008860491e+02	
1.7150010551e+02	5.4397024399e+02	
1.7160003990e+02	5.3506318017e+02	
1.7170027175e+02	3.6883103569e+02	
1.7180006475e+02	4.5339341729e+02	
1.7190031878e+02	4.7298450350e+02	
1.7200024182e+02	2.5956912631e+02	
1.7210045276e+02	2.5521564447e+02	
1.7220033413e+02	2.9894938422e+02	
1.7230017924e+02	2.5000414168e+02	
1.7240041438e+02	2.0691791013e+02	
1.7250021015e+02	1.7055960328e+02	
1.7260011319e+02	1.7924216118e+02	
1.7270041191e+02	1.9037873668e+02	
1.7280043186e+02	2.2655353288e+02	
1.7290014647e+02	2.4676978040e+02	
1.7300056697e+02	2.2453447950e+02	
1.7310049523e+02	2.0052960404e+02	
1.7320010677e+02	4.1086843749e+02	
1.7330039399e+02	3.3957633550e+02	
1.7340042108e+02	3.2933356707e+02	
1.7350020296e+02	3.1550688420e+02	
1.7360036770e+02	3.6640102359e+02	
1.7370020762e+02	3.6744104300e+02	
1.7380003343e+02	3.7951432991e+02	
1.7390022507e+02	4.2257332799e+02	
1.7400014570e+02	3.4438835707e+02	
1.7410017172e+02	3.5391912137e+02	
1.7420020282e+02	3.1806336860e+02	
1.7430018607e+02	3.5909433424e+02	
1.7440037801e+02	3.4935359172e+02	
1.7450020800e+02	4.1520500876e+02	
1.7460052515e+02	4.6510655394e+02	
1.7470027346e+02	5.8201570889e+02	
1.7480051982e+02	5.2595870520e+02	
1.7490053320e+02	4.0004877678e+02	
1.7500055984e+02	3.3713954379e+02	
1.7510054831e+02	3.0343682751e+02	
1.7520031824e+02	2.9809249811e+02	
1.7530033857e+02	4.2593286833e+02	
1.7540058542e+02	3.6339054728e+02	
1.7550059409e+02	4.7415902063e+02	
1.7560006903e+02	5.8072682058e+02	
1.7570001550e+02	5.6967305448e+02	
1.7580042703e+02	5.6928258874e+02	
1.7590044506e+02	4.8799523370e+02	
1.7600008536e+02	4.4315233210e+02	
1.7610027015e+02	5.6665009944e+02	
1.7620028790e+02	5.4975394021e+02	
1.7630043500e+02	4.9087885999e+02	
1.7640053660e+02	4.4940487341e+02	
1.7650041793e+02	4.3668791875e+02	
1.7660049650e+02	4.0397505676e+02	
1.7670039250e+02	4.4179213026e+02	
1.7680042507e+02	4.5962755132e+02	
1.7690003143e+02	5.9137703729e+02	
1.7700026161e+02	5.3203996128e+02	
1.7710041415e+02	5.7075700889e+02	
1.7720033458e+02	6.3424172160e+02	
1.7730006978e+02	6.7818168168e+02	
1.7740009380e+02	4.9205825150e+02	
1.7750037763e+02	4.5034408615e+02	
1.7760008171e+02	4.6887639445e+02	
1.7770016263e+02	4.4548133347e+02	
1.7780014922e+02	4.1944128346e+02	
1.7790034399e+02	3.6735265313e+02	
1.7800008403e+02	4.4601597217e+02	
1.7810019561e+02	4.2556448632e+02	
1.7820001181e+02	4.0044621115e+02	
1.7830025997e+02	4.2174496088e+02	
1.7840007307e+02	5.3028142567e+02	
1.7850037270e+02	3.3501885665e+02	
1.7860058900e+02	3.1372598316e+02	
1.7870002802e+02	2.8043271100e+02	
1.7880059717e+02	2.7861987381e+02	
1.7890057027e+02	2.5252417227e+02	
1.7900046396e+02	2.5009743503e+02	
1.7910025217e+02	2.8487173479e+02	
1.7920057158e+02	3.2760570506e+02	
1.7930006287e+02	3.6838180054e+02	
1.7940048025e+02	2.9032755416e+02	
1.7950021485e+02	2.6762340748e+02	
1.7960040474e+02	2.7330787810e+02	
1.7970005468e+02	3.4402700873e+02	
1.7980009274e+02	3.7275651688e+02	
1.7990042259e+02	3.8926816055e+02	
1.8000055067e+02	4.4806764006e+02	
1.8010042756e+02	3.6681436165e+02	
1.8020000332e+02	4.6613943759e+02	
1.8030050345e+02	3.8060742330e+02	
1.8040000955e+02	3.3159259922e+02	
1.8050040279e+02	3.1027515860e+02	
1.8060048748e+02	3.2620493754e+02	
1.8070024734e+02	3.3072883454e+02	
1.8080045854e+02	4.2160754447e+02	
1.8090026598e+02	4.3706378182e+02	
1.8100050307e+02	6.9210565029e+02	
1.8110050441e+02	1.1346105447e+03	
1.8120038505e+02	1.1779136652e+03	
1.8130030886e+02	1.0071483668e+03	
1.8140009797e+02	4.4746874632e+02	
1.8150023922e+02	2.3567086649e+02	
1.8160026817e+02	2.1067549711e+02	
1.8170023977e+02	2.0309156892e+02	
1.8180018314e+02	1.9366614718e+02	
1.8190038132e+02	1.8391770282e+02	
1.8200040647e+02	2.4370797677e+02	
1.8210050588e+02	2.2819649276e+02	
1.8220041447e+02	1.6638955835e+02	
1.8230060973e+02	1.6543161355e+02	
1.8240006242e+02	2.1347216035e+02	
1.8250030247e+02	2.4332556747e+02	
1.8260001490e+02	2.0998911126e+02	
1.8270016222e+02	2.4617208594e+02	
1.8280027187e+02	2.8858297523e+02	
1.8290014596e+02	2.6587129936e+02	
1.8300018650e+02	3.2515556616e+02	
1.8310010258e+02	4.1428267813e+02	
1.8320029205e+02	3.2365145699e+02	
1.8330022810e+02	7.1344370955e+02	
1.8340053256e+02	5.5126110864e+02	
1.8350036643e+02	6.7253565020e+02	
1.8360043983e+02	5.9782937729e+02	
1.8370010612e+02	5.7077238256e+02	
1.8380042559e+02	6.0280332394e+02	
1.8390010815e+02	7.4695367252e+02	
1.8400019133e+02	7.8009555991e+02	
1.8410012739e+02	7.4379849200e+02	
1.8420006298e+02	4.8181727554e+02	
1.8430055210e+02	3.9582759020e+02	
1.8440054369e+02	4.7385700526e+02	
1.8450014433e+02	4.7544479806e+02	
1.8460050722e+02	3.4256866965e+02	
1.8470062832e+02	3.9301629260e+02	
1.8480004442e+02	3.3323527777e+02	
1.8490004326e+02	3.6812839435e+02	
1.8500024001e+02	2.1509237730e+02	
1.8510035553e+02	1.5961172559e+02	
1.8520046593e+02	2.5668711672e+02	
1.8530047904e+02	2.5417279490e+02	
1.8540037775e+02	2.5054769433e+02	
1.8550055347e+02	2.1733572142e+02	
1.8560004218e+02	2.4690628791e+02	
1.8570009833e+02	2.9898470324e+02	
1.8580014464e+02	3.5748368107e+02	
1.8590012123e+02	2.9998739203e+02	
1.8600005346e+02	2.7040949662e+02	
1.8610011024e+02	2.5715259094e+02	
1.8620009093e+02	2.9229130554e+02	
1.8630004694e+02	2.9701826796e+02	
1.8640051269e+02	2.7633849371e+02	
1.8650030961e+02	2.7109803562e+02	
1.8660034596e+02	3.2928085457e+02	
1.8670035860e+02	4.2159075278e+02	
1.8680001731e+02	3.7389983037e+02	
1.8690014263e+02	3.6427839615e+02	
1.8700017346e+02	5.9873210862e+02	
1.8710014673e+02	5.9955950326e+02	
1.8720023925e+02	5.6948582886e+02	
1.8730030871e+02	5.0758151918e+02	
1.8740056061e+02	4.6180922395e+02	
1.8750054298e+02	4.1793027399e+02	
1.8760002603e+02	4.1809769758e+02	
1.8770038776e+02	4.8034960254e+02	
1.8780021258e+02	3.5781509354e+02	
1.8790025616e+02	3.5328215869e+02	
1.8800000683e+02	3.8681515527e+02	
1.8810060168e+02	4.2397563269e+02	
1.8820054059e+02	4.7278105761e+02	
1.8830028890e+02	5.1489934908e+02	
1.8840052955e+02	5.9868940899e+02	
1.8850053172e+02	7.2498398348e+02	
1.8860050694e+02	5.3105530504e+02	
1.8870000608e+02	4.4113146404e+02	
1.8880003683e+02	3.4891550786e+02	
1.8890011507e+02	2.9213611263e+02	
1.8900009671e+02	3.3659642857e+02	
1.8910023677e+02	2.0390592397e+02	
1.8920011305e+02	4.0619308994e+02	
1.8930023204e+02	3.7481617873e+02	
1.8940026983e+02	3.1554499701e+02	
1.8950054050e+02	2.8856271462e+02	
1.8960000333e+02	2.7172896276e+02	
1.8970026096e+02	3.3976853321e+02	
1.8980028976e+02	3.8963107791e+02	
1.8990026674e+02	3.9690906230e+02	
1.9000021481e+02	3.5944594128e+02	
1.9010036664e+02	5.3431728037e+02	
1.9020039471e+02	5.4350209999e+02	
1.9030018588e+02	5.3602871985e+02	
1.9040050001e+02	4.5988822707e+02	
1.9050001460e+02	3.2640315067e+02	
1.9060032804e+02	2.7642770475e+02	
1.9070041535e+02	2.1952364908e+02	
1.9080040271e+02	2.3803288095e+02	
1.9090015644e+02	2.7880924795e+02	
1.9100045494e+02	3.0741673441e+02	
1.9110052340e+02	3.6832231180e+02	
1.9120058978e+02	5.4989312736e+02	
1.9130037131e+02	3.1190538019e+02	
1.9140014954e+02	2.9340026550e+02	
1.9150001410e+02	3.4161567858e+02	
1.9160005279e+02	4.3004044824e+02	
1.9170014883e+02	4.1074835482e+02	
1.9180055271e+02	2.9543786499e+02	
1.9190009043e+02	2.8551684668e+02	
1.9200026464e+02	2.6408077629e+02	
1.9210009212e+02	2.6436658187e+02	
1.9220031959e+02	2.5872953841e+02	
1.9230001467e+02	2.3782573894e+02	
1.9240040754e+02	2.2297057994e+02	
1.9250036557e+02	2.5953364183e+02	
1.9260039369e+02	2.7513821744e+02	
1.9270042141e+02	3.2166519379e+02	
1.9280015967e+02	3.1988693746e+02	
1.9290016409e+02	3.1979617541e+02	
1.9300000988e+02	3.5710746659e+02	
1.9310044371e+02	3.4431131161e+02	
1.9320021184e+02	3.5086885080e+02	
1.9330018047e+02	5.1285335288e+02	
1.9340003468e+02	6.7823940391e+02	
1.9350040053e+02	7.8673648417e+02	
1.9360053533e+02	8.6412995827e+02	
1.9370049786e+02	6.0834826586e+02	
1.9380030450e+02	4.7013411055e+02	
1.9390043854e+02	3.8596546695e+02	
1.9400018290e+02	3.0250136477e+02	
1.9410041371e+02	2.8321441663e+02	
1.9420015152e+02	2.8254318982e+02	
1.9430007643e+02	3.2706992202e+02	
1.9440012669e+02	2.1745420211e+02	
1.9450031406e+02	2.7208506443e+02	
1.9460042726e+02	2.6446382320e+02	
1.9470006414e+02	2.7068571411e+02	
1.9480016062e+02	3.6652427818e+02	
1.9490040456e+02	5.1658308664e+02	
1.9500027061e+02	5.4548959707e+02	
1.9510043119e+02	4.6681907356e+02	
1.9520026063e+02	3.5774850720e+02	
1.9530010874e+02	5.0226398268e+02	
1.9540007833e+02	5.2330326809e+02	
1.9550002056e+02	7.1193249322e+02	
1.9560005219e+02	6.9545700072e+02	
1.9570036491e+02	6.2535392462e+02	
1.9580036834e+02	4.2171910217e+02	
1.9590034866e+02	3.3254903083e+02	
1.9600029457e+02	3.4628998931e+02	
1.9610019272e+02	3.7571083343e+02	
1.9620041686e+02	3.0807203696e+02	
1.9630003878e+02	3.1484143921e+02	
1.9640004372e+02	2.7202745129e+02	
1.9650013250e+02	2.5886095795e+02	
1.9660035756e+02	3.7155381475e+02	
1.9670041241e+02	4.4778878656e+02	
1.9680048697e+02	4.6349046642e+02	
1.9690014893e+02	5.7869629736e+02	
1.9700012264e+02	6.9253754872e+02	
1.9710009736e+02	7.7072677739e+02	
1.9720054294e+02	8.3637367839e+02	
1.9730010011e+02	6.9223995153e+02	
1.9740060678e+02	4.4117766138e+02	
1.9750051851e+02	3.7736296914e+02	
1.9760038010e+02	3.3694216803e+02	
1.9770009867e+02	2.8053921726e+02	
1.9780056546e+02	2.8316516497e+02	
1.9790027483e+02	3.7522188635e+02	
1.9800001656e+02	4.2792768216e+02	
1.9810018941e+02	3.8610560506e+02	
1.9820052051e+02	3.5284498280e+02	
1.9830057127e+02	6.8010464760e+02	
1.9840036904e+02	9.2997383640e+02	
1.9850029716e+02	1.0142532002e+03	
1.9860035690e+02	9.5461707631e+02	
1.9870019442e+02	4.9567113975e+02	
1.9880012686e+02	4.9487183017e+02	
1.9890040597e+02	4.4080917046e+02	
1.9900010603e+02	3.9227826402e+02	
1.9910021869e+02	3.4239632035e+02	
1.9920036268e+02	3.0082053299e+02	
1.9930008029e+02	3.2970584062e+02	
1.9940026722e+02	4.2275248396e+02	
1.9950010619e+02	4.6025164409e+02	
1.9960056387e+02	3.8466325182e+02	
1.9970044440e+02	3.8114787155e+02	
1.9980021177e+02	3.5647655856e+02	
1.9990027734e+02	5.2728495277e+02	
2.0000010980e+02	3.1286555544e+02	
2.0010048391e+02	3.1980452977e+02	
2.0020035093e+02	3.4121755722e+02	
2.0030057037e+02	2.8748553208e+02	
2.0040025918e+02	2.3980212009e+02	
2.0050033149e+02	2.4502825419e+02	
2.0060023913e+02	2.3543077835e+02	
2.0070016786e+02	1.6735569525e+02	
2.0080004906e+02	2.1800365801e+02	
2.0090045653e+02	1.6951679095e+02	
2.0100014403e+02	1.5528106099e+02	
2.0110007479e+02	2.1121173577e+02	
2.0120060561e+02	2.5184023549e+02	
2.0130007765e+02	2.6662759147e+02	
2.0140009687e+02	2.4377452594e+02	
2.0150016277e+02	2.7403765306e+02	
2.0160024368e+02	2.5183693467e+02	
2.0170020829e+02	1.9659793480e+02	
2.0180055729e+02	2.1116373152e+02	
2.0190054357e+02	2.7166132979e+02	
2.0200016521e+02	3.3112653939e+02	
2.0210021366e+02	3.9927032366e+02	
2.0220019798e+02	4.6413545827e+02	
2.0230041312e+02	8.4680768188e+02	
2.0240013931e+02	7.3597348066e+02	
2.0250008002e+02	7.0491050133e+02	
2.0260002615e+02	7.3557563907e+02	
2.0270003150e+02	4.2010122652e+02	
2.0280034202e+02	3.5761361128e+02	
2.0290049832e+02	3.4915728661e+02	
2.0300051373e+02	3.5732682417e+02	
2.0310008034e+02	3.3402307908e+02	
2.0320031001e+02	3.1872013494e+02	
2.0330035420e+02	4.4849680798e+02	
2.0340025064e+02	6.0986296167e+02	
2.0350020281e+02	6.2587464779e+02	
2.0360007233e+02	3.2720481738e+02	
2.0370010864e+02	2.8963434823e+02	
2.0380036938e+02	3.1651959416e+02	
2.0390024253e+02	3.3568246518e+02	
2.0400061437e+02	3.7395263805e+02	
2.0410047760e+02	4.9934393927e+02	
2.0420021335e+02	8.0442219987e+02	
2.0430018817e+02	7.0548008830e+02	
2.0440027214e+02	4.3025079469e+02	
2.0450003590e+02	3.0005511705e+02	
2.0460030176e+02	2.4516121493e+02	
2.0470004470e+02	2.6856526259e+02	
2.0480012490e+02	3.4951756710e+02	
2.0490036620e+02	4.4739719881e+02	
2.0500034230e+02	4.9775377041e+02	
2.0510045250e+02	6.3312004962e+02	
2.0520048958e+02	4.6477361576e+02	
2.0530003317e+02	4.8292038350e+02	
2.0540023248e+02	5.2005508972e+02	
2.0550034852e+02	4.5387452980e+02	
2.0560030515e+02	4.1598193104e+02	
2.0570008131e+02	4.2795215420e+02	
2.0580031861e+02	4.9315313562e+02	
2.0590034232e+02	3.8021480381e+02	
2.0600043684e+02	4.2763188866e+02	
2.0610014703e+02	5.6026256421e+02	
2.0620015937e+02	5.4953310264e+02	
2.0630011610e+02	3.6983867267e+02	
2.0640041435e+02	4.5866315479e+02	
2.0650009200e+02	5.5026856026e+02	
2.0660050768e+02	3.6783721212e+02	
2.0670047432e+02	3.1610557821e+02	
2.0680016025e+02	2.3965262019e+02	
2.0690037525e+02	2.1167959400e+02	
2.0700040710e+02	1.8069246916e+02	
2.0710004215e+02	2.0458488220e+02	
2.0720001126e+02	2.3395749646e+02	
2.0730003664e+02	2.5856151948e+02	
2.0740038338e+02	2.2673452491e+02	
2.0750032516e+02	2.5637530569e+02	
2.0760007478e+02	5.3439428143e+02	
2.0770008891e+02	5.4152491795e+02	
2.0780034551e+02	5.0622928687e+02	
2.0790028181e+02	3.7195979231e+02	
2.0800045375e+02	2.7740236719e+02	
2.0810018778e+02	4.1857360130e+02	
2.0820039422e+02	3.8244544480e+02	
2.0830021654e+02	4.7174406373e+02	
2.0840049684e+02	3.2551056456e+02	
2.0850050466e+02	3.5282620056e+02	
2.0860032284e+02	3.4964024917e+02	
2.0870021021e+02	3.2604574471e+02	
2.0880042152e+02	2.7544557986e+02	
2.0890004661e+02	3.1314851659e+02	
2.0900012080e+02	3.5550128382e+02	
2.0910025650e+02	3.7320181077e+02	
2.0920034567e+02	3.4350098877e+02	
2.0930036422e+02	3.0518553892e+02	
2.0940017178e+02	2.8796523272e+02	
2.0950042190e+02	2.9725134982e+02	
2.0960051895e+02	2.8388259246e+02	
2.0970036737e+02	2.5167254492e+02	
2.0980032185e+02	2.8193193990e+02	
2.0990039661e+02	4.0682052660e+02	
2.1000030620e+02	4.0346374488e+02	
2.1010033421e+02	2.8739112465e+02	
2.1020007186e+02	2.5207993784e+02	
2.1030037312e+02	2.9109046800e+02	
2.1040013158e+02	2.1629723713e+02	
2.1050046352e+02	1.9515876727e+02	
2.1060053975e+02	1.4902415274e+02	
2.1070051202e+02	2.1200842149e+02	
2.1080044950e+02	4.0377531811e+02	
2.1090023843e+02	5.2391380288e+02	
2.1100018541e+02	4.0818042471e+02	
2.1110013134e+02	1.8267246341e+02	
2.1120040636e+02	1.6834864227e+02	
2.1130004267e+02	2.6429452325e+02	
2.1140000649e+02	2.5391273339e+02	
2.1150021010e+02	3.6977600966e+02	
2.1160019947e+02	5.4117314284e+02	
2.1170030335e+02	6.1239099869e+02	
2.1180017866e+02	4.9470830640e+02	
2.1190000068e+02	4.9137623446e+02	
2.1200011324e+02	5.0718237263e+02	
2.1210023161e+02	5.3844143125e+02	
2.1220026645e+02	5.7775588469e+02	
2.1230050987e+02	5.6618409300e+02	
2.1240048766e+02	5.0876120632e+02	
2.1250023593e+02	3.7719949722e+02	
2.1260051988e+02	4.9108388267e+02	
2.1270004720e+02	6.2321631774e+02	
2.1280004870e+02	5.5238626769e+02	
2.1290015949e+02	5.8079537371e+02	
2.1300052245e+02	4.4835110936e+02	
2.1310007861e+02	3.3766437268e+02	
2.1320002242e+02	4.4125220064e+02	
2.1330000202e+02	2.9569464723e+02	
2.1340006177e+02	4.1645498083e+02	
2.1350013992e+02	4.7235457640e+02	
2.1360012831e+02	3.9298056647e+02	
2.1370029103e+02	3.5633683639e+02	
2.1380055218e+02	4.4819630613e+02	
2.1390006299e+02	3.7546604313e+02	
2.1400043741e+02	3.9180046118e+02	
2.1410039008e+02	3.9529562929e+02	
2.1420043627e+02	3.7008882720e+02	
2.1430013642e+02	3.3988090177e+02	
2.1440043233e+02	3.0070230437e+02	
2.1450015733e+02	3.0733020967e+02	
2.1460051005e+02	3.6101411344e+02	
2.1470042549e+02	4.5103232633e+02	
2.1480050006e+02	4.4486398759e+02	
2.1490047266e+02	3.2698227193e+02	
2.1500006242e+02	2.2560464720e+02	
2.1510003317e+02	3.2552174468e+02	
2.1520002015e+02	2.8550192164e+02	
2.1530037366e+02	4.0579932097e+02	
2.1540037696e+02	4.5769211545e+02	
2.1550005759e+02	6.3470965763e+02	
2.1560034826e+02	8.7943611024e+02	
2.1570044154e+02	6.9047052930e+02	
2.1580004398e+02	8.9585978580e+02	
2.1590026606e+02	7.0368262698e+02	
2.1600026594e+02	8.4212278509e+02	
2.1610022413e+02	5.6714963659e+02	
2.1620038001e+02	3.3496968668e+02	
2.1630012106e+02	3.6866782701e+02	
2.1640039848e+02	3.4691295267e+02	
2.1650042528e+02	3.7473913050e+02	
2.1660029401e+02	6.2386140696e+02	
2.1670034432e+02	4.9284526624e+02	
2.1680032917e+02	6.6240225669e+02	
2.1690005963e+02	1.2402045439e+03	
2.1700038177e+02	6.4598060545e+02	
2.1710045772e+02	3.8823089153e+02	
2.1720032240e+02	2.6900439114e+02	
2.1730055913e+02	3.4553125226e+02	
2.1740004519e+02	3.3923947252e+02	
2.1750019693e+02	3.4188692662e+02	
2.1760038043e+02	2.9892445339e+02	
2.1770001628e+02	2.5115969613e+02	
2.1780043502e+02	2.1905413098e+02	
2.1790031414e+02	2.9039115776e+02	
2.1800030153e+02	3.4818756326e+02	
2.1810024143e+02	4.3482117670e+02	
2.1820050964e+02	4.6361717159e+02	
2.1830039896e+02	4.8894234434e+02	
2.1840003044e+02	5.7826291820e+02	
2.1850041558e+02	4.5623705888e+02	
2.1860027197e+02	3.3456936047e+02	
2.1870035778e+02	3.0584008689e+02	
2.1880032824e+02	2.9673993204e+02	
2.1890013870e+02	2.8135151231e+02	
2.1900008246e+02	2.0818297466e+02	
2.1910052859e+02	2.5706412926e+02	
2.1920048221e+02	2.9175683261e+02	
2.1930013943e+02	2.2046387278e+02	
2.1940030758e+02	2.1377965525e+02	
2.1950055781e+02	2.1601338621e+02	
2.1960040005e+02	2.5426853790e+02	
2.1970012699e+02	2.0115160672e+02	
2.1980049072e+02	1.9948117059e+02	
2.1990005059e+02	2.1253705771e+02	
2.2000003297e+02	3.0769099325e+02	
2.2010007422e+02	3.6341304514e+02	
2.2020047075e+02	3.9738000210e+02	
2.2030036252e+02	4.3444660944e+02	
2.2040049961e+02	4.6723498244e+02	
2.2050028929e+02	6.7965294799e+02	
2.2060052436e+02	6.6563286867e+02	
2.2070015252e+02	5.6825511321e+02	
2.2080010988e+02	5.1672252132e+02	
2.2090046311e+02	5.3866408736e+02	
2.2100003107e+02	4.7477322935e+02	
2.2110024077e+02	4.2919578844e+02	
2.2120002544e+02	4.1688382086e+02	
2.2130012638e+02	5.2305791441e+02	
2.2140049532e+02	6.9742570790e+02	
2.2150021942e+02	5.5362759933e+02	
2.2160025786e+02	6.3671687811e+02	
2.2170038162e+02	7.8683085700e+02	
2.2180030554e+02	6.4394777763e+02	
2.2190040983e+02	4.5922618758e+02	
2.2200042046e+02	4.6665667112e+02	
2.2210056520e+02	4.3421174352e+02	
2.2220034826e+02	4.0233794955e+02	
2.2230019157e+02	4.4971118090e+02	
2.2240011980e+02	3.5354789381e+02	
2.2250016954e+02	3.8711942533e+02	
2.2260018126e+02	2.9496698301e+02	
2.2270015569e+02	2.2168335628e+02	
2.2280008358e+02	2.4220648809e+02	
2.2290056345e+02	2.9924019065e+02	
2.2300000397e+02	4.3248101233e+02	
2.2310047994e+02	4.1229953349e+02	
2.2320023014e+02	3.8185880813e+02	
2.2330024034e+02	4.5584356974e+02	
2.2340035722e+02	4.9816636458e+02	
2.2350045196e+02	4.5532171286e+02	
2.2360020399e+02	3.8222872603e+02	
2.2370038037e+02	5.4429613429e+02	
2.2380013831e+02	6.2676593590e+02	
2.2390032852e+02	1.3511041388e+03	
2.2400041260e+02	1.5649084675e+03	
2.2410034935e+02	1.7222867166e+03	
2.2420003620e+02	1.6595481891e+03	
2.2430020361e+02	1.3270621380e+03	
2.2440045427e+02	8.6155518141e+02	
2.2450018195e+02	8.0310196862e+02	
2.2460033905e+02	6.9959395709e+02	
2.2470019283e+02	6.6224723053e+02	
2.2480029937e+02	7.0722732624e+02	
2.2490004114e+02	6.5514985671e+02	
2.2500039915e+02	4.4984917771e+02	
2.2510012938e+02	4.3755463509e+02	
2.2520002764e+02	3.3144112380e+02	
2.2530017950e+02	3.5562114426e+02	
2.2540018391e+02	4.8883377244e+02	
2.2550009302e+02	4.0236661492e+02	
2.2560046169e+02	3.4387641885e+02	
2.2570012409e+02	3.2774049637e+02	
2.2580053488e+02	3.0342819155e+02	
2.2590035225e+02	3.1270694417e+02	
2.2600025096e+02	2.1445031429e+02	
2.2610049737e+02	2.2853050491e+02	
2.2620010257e+02	2.2215677784e+02	
2.2630038596e+02	1.9542398983e+02	
2.2640042041e+02	2.3008867257e+02	
2.2650056708e+02	2.8687073808e+02	
2.2660050261e+02	3.0897162358e+02	
2.2670037587e+02	3.7142355193e+02	
2.2680012592e+02	4.7945301164e+02	
2.2690011408e+02	5.6217848371e+02	
2.2700021627e+02	4.0368167789e+02	
2.2710032604e+02	4.1492530823e+02	
2.2720050294e+02	4.5188166045e+02	
2.2730052240e+02	5.5884813554e+02	
2.2740039286e+02	7.1942924893e+02	
2.2750043383e+02	7.2834661690e+02	
2.2760052030e+02	6.2881286929e+02	
2.2770028591e+02	5.3957426792e+02	
2.2780041046e+02	3.4811574043e+02	
2.2790049271e+02	5.2647990250e+02	
2.2800030593e+02	4.8018017512e+02	
2.2810031438e+02	4.0789350184e+02	
2.2820014838e+02	4.5224355495e+02	
2.2830008601e+02	3.9505449029e+02	
2.2840007244e+02	3.9077868703e+02	
2.2850045163e+02	3.6623251188e+02	
2.2860034941e+02	4.5668281558e+02	
2.2870053974e+02	5.0127474555e+02	
2.2880045833e+02	3.4447845140e+02	
2.2890011592e+02	3.4237838232e+02	
2.2900052205e+02	3.4224875191e+02	
2.2910011349e+02	3.3419901106e+02	
2.2920031157e+02	3.0913985581e+02	
2.2930054033e+02	2.9176817459e+02	
2.2940010334e+02	3.2379565473e+02	
2.2950013428e+02	7.0402195583e+02	
2.2960040096e+02	8.8991434784e+02	
2.2970007668e+02	4.4198312888e+02	
2.2980026336e+02	3.0737707234e+02	
2.2990005098e+02	2.2548617691e+02	
2.3000051512e+02	2.4924334970e+02	
2.3010031274e+02	2.8656918132e+02	
2.3020048778e+02	2.9334223010e+02	
2.3030045245e+02	3.2356539013e+02	
2.3040029976e+02	3.0395754324e+02	
2.3050018947e+02	3.5394403393e+02	
2.3060046584e+02	4.2379063770e+02	
2.3070052158e+02	4.2215760302e+02	
2.3080001705e+02	3.8699655936e+02	
2.3090042919e+02	4.4478168740e+02	
2.3100005228e+02	5.3198023847e+02	
2.3110049434e+02	6.5533587318e+02	
2.3120038460e+02	4.5650089007e+02	
2.3130046404e+02	4.4175824330e+02	
2.3140030816e+02	3.8993727271e+02	
2.3150046354e+02	5.4780794628e+02	
2.3160030455e+02	4.4005299241e+02	
2.3170000712e+02	2.6284446388e+02	
2.3180010098e+02	2.3598116901e+02	
2.3190039881e+02	3.1613931929e+02	
2.3200030470e+02	2.4545983038e+02	
2.3210057273e+02	1.8676653976e+02	
2.3220025806e+02	1.9880705257e+02	
2.3230015452e+02	1.7124220635e+02	
2.3240025998e+02	1.9866140238e+02	
2.3250047629e+02	1.6116627365e+02	
2.3260042425e+02	1.8048472623e+02	
2.3270028409e+02	2.1355399780e+02	
2.3280037565e+02	2.5651954729e+02	
2.3290018577e+02	2.2489613307e+02	
2.3300010653e+02	3.1486735293e+02	
2.3310051755e+02	4.4141496558e+02	
2.3320002721e+02	5.0479950193e+02	
2.3330040504e+02	2.9486652001e+02	
2.3340030346e+02	4.0325185686e+02	
2.3350000488e+02	4.2543621222e+02	
2.3360021092e+02	5.1521099665e+02	
2.3370034664e+02	5.6907412056e+02	
2.3380013893e+02	6.4954673162e+02	
2.3390017668e+02	5.7348634309e+02	
2.3400036508e+02	8.6142862153e+02	
2.3410035003e+02	5.2561108395e+02	
2.3420045778e+02	5.7049850573e+02	
2.3430005836e+02	5.0127201473e+02	
2.3440042392e+02	5.6062778205e+02	
2.3450033878e+02	5.0912135603e+02	
2.3460004826e+02	4.9997519028e+02	
2.3470017361e+02	4.8889221803e+02	
2.3480021185e+02	5.1482259397e+02	
2.3490029356e+02	3.9407329467e+02	
2.3500005323e+02	3.8115569251e+02	
2.3510048902e+02	3.5681328491e+02	
2.3520022163e+02	4.4928940818e+02	
2.3530037854e+02	4.2336397181e+02	
2.3540014006e+02	2.4022490330e+02	
2.3550027990e+02	2.1697522587e+02	
2.3560056752e+02	1.9224325473e+02	
2.3570050910e+02	1.8238736700e+02	
2.3580051134e+02	1.8138624857e+02	
2.3590009400e+02	1.6608296071e+02	
2.3600000665e+02	2.2153687585e+02	
2.3610055144e+02	3.7589334717e+02	
2.3620027827e+02	3.4882619186e+02	
2.3630006738e+02	3.3721198951e+02	
2.3640055230e+02	2.2946696617e+02	
2.3650005712e+02	2.6580394748e+02	
2.3660044487e+02	3.2057243956e+02	
2.3670051865e+02	3.3246442465e+02	
2.3680045566e+02	4.0225855261e+02	
2.3690050951e+02	6.7531289523e+02	
2.3700030852e+02	6.6293225403e+02	
2.3710041920e+02	5.9299169518e+02	
2.3720048044e+02	5.7330067598e+02	
2.3730027973e+02	5.4374046156e+02	
2.3740035896e+02	3.8365308123e+02	
2.3750047076e+02	4.0591299761e+02	
2.3760036035e+02	4.2144341316e+02	
2.3770050145e+02	3.5775636504e+02	
2.3780034503e+02	2.9318084144e+02	
2.3790024159e+02	4.1936284456e+02	
2.3800055290e+02	5.6263605099e+02	
2.3810002451e+02	6.1212905892e+02	
2.3820054394e+02	3.1374849915e+02	
2.3830003898e+02	2.4170594881e+02	
2.3840018848e+02	2.9017788890e+02	
2.3850023618e+02	3.4207659899e+02	
2.3860048309e+02	2.5622445133e+02	
2.3870055025e+02	1.8184214485e+02	
2.3880032165e+02	1.5752312328e+02	
2.3890028543e+02	3.3865314977e+02	
2.3900030199e+02	4.6239392510e+02	
2.3910003694e+02	5.3883642233e+02	
2.3920023080e+02	4.9759675043e+02	
2.3930029924e+02	2.6864384504e+02	
2.3940040679e+02	2.4957420530e+02	
2.3950049979e+02	2.4264914787e+02	
2.3960003957e+02	2.3265270784e+02	
2.3970013041e+02	3.8707798448e+02	
2.3980053256e+02	4.1673446647e+02	
2.3990026120e+02	3.9322567509e+02	
2.4000009405e+02	3.3846672857e+02	
2.4010009339e+02	3.3350219995e+02	
2.4020008478e+02	3.7072470917e+02	
2.4030024458e+02	4.2531688690e+02	
2.4040001802e+02	5.3120417560e+02	
2.4050048583e+02	5.1034987938e+02	
2.4060048918e+02	5.6777054124e+02	
2.4070016215e+02	6.7807797453e+02	
2.4080002916e+02	5.1558795206e+02	
2.4090045905e+02	4.4282943751e+02	
2.4100050253e+02	4.4214667262e+02	
2.4110054131e+02	4.9273546148e+02	
2.4120032490e+02	4.4243637691e+02	
2.4130048399e+02	3.3599437067e+02	
2.4140014218e+02	3.4478433298e+02	
2.4150012180e+02	3.4396955062e+02	
2.4160053491e+02	2.1440170422e+02	
2.4170040516e+02	2.1235204887e+02	
2.4180002954e+02	1.8558949177e+02	
2.4190046048e+02	1.6121498744e+02	
2.4200041608e+02	1.8900074553e+02	
2.4210000116e+02	2.1790698622e+02	
2.4220017022e+02	3.3875871235e+02	
2.4230052658e+02	5.5467303601e+02	
2.4240024601e+02	3.5800773707e+02	
2.4250051400e+02	3.4264738816e+02	
2.4260056342e+02	2.2508366549e+02	
2.4270035172e+02	2.2045714898e+02	
2.4280033003e+02	2.3099065076e+02	
2.4290007603e+02	2.3461388449e+02	
2.4300032466e+02	2.4718679689e+02	
2.4310023964e+02	3.1403712675e+02	
2.4320030406e+02	3.7616809390e+02	
2.4330018690e+02	4.3582482054e+02	
2.4340004028e+02	5.1566308884e+02	
2.4350014867e+02	5.0931645028e+02	
2.4360003501e+02	5.6891099802e+02	
2.4370025078e+02	5.8836178187e+02	
2.4380025414e+02	7.0626657649e+02	
2.4390022905e+02	5.7042356600e+02	
2.4400003897e+02	4.6697716900e+02	
2.4410016410e+02	4.7477256455e+02	
2.4420010420e+02	5.4363842874e+02	
2.4430051299e+02	4.8365141949e+02	
2.4440052180e+02	3.9329258399e+02	
2.4450018053e+02	4.1393792745e+02	
2.4460053502e+02	3.7652254040e+02	
2.4470000737e+02	3.3657794154e+02	
2.4480040018e+02	3.4759711311e+02	
2.4490017696e+02	2.9265086880e+02	
2.4500013796e+02	2.4797923940e+02	
2.4510001344e+02	2.5700737788e+02	
2.4520027787e+02	2.6884193892e+02	
2.4530013354e+02	3.5078239666e+02	
2.4540042238e+02	3.4217149669e+02	
2.4550009827e+02	3.2223608289e+02	
2.4560041054e+02	5.1782249639e+02	
2.4570021260e+02	5.9358550470e+02	
2.4580044238e+02	4.0191123462e+02	
2.4590007031e+02	4.2161929757e+02	
2.4600008372e+02	4.8184117819e+02	
2.4610032048e+02	5.4017383687e+02	
2.4620053532e+02	7.3092858329e+02	
2.4630005336e+02	4.8406444827e+02	
2.4640005786e+02	4.0570606326e+02	
2.4650051809e+02	3.5985744089e+02	
2.4660007799e+02	3.4427647113e+02	
2.4670043797e+02	4.3412570969e+02	
2.4680009374e+02	3.6386301541e+02	
2.4690033065e+02	3.0009370120e+02	
2.4700050711e+02	3.5488730229e+02	
2.4710047030e+02	3.3047211077e+02	
2.4720016114e+02	2.9532944003e+02	
2.4730055697e+02	3.1730794665e+02	
2.4740001304e+02	3.5579059491e+02	
2.4750014563e+02	3.2732324045e+02	
2.4760015690e+02	4.7318593933e+02	
2.4770028728e+02	4.9901596238e+02	
2.4780055093e+02	5.2013435534e+02	
2.4790022711e+02	3.1308964553e+02	
2.4800030074e+02	2.8161079747e+02	
2.4810055272e+02	2.4016438316e+02	
2.4820046523e+02	2.2199027755e+02	
2.4830030262e+02	2.1476720740e+02	
2.4840033672e+02	1.9846491701e+02	
2.4850006386e+02	2.1063096945e+02	
2.4860002081e+02	3.3840868368e+02	
2.4870024824e+02	4.0480207684e+02	
2.4880049498e+02	4.3051510751e+02	
2.4890007976e+02	3.6360730716e+02	
2.4900017548e+02	4.5920295903e+02	
2.4910030888e+02	4.8044479504e+02	
2.4920018108e+02	5.4786072008e+02	
2.4930006622e+02	8.2249493583e+02	
2.4940009036e+02	8.1950562890e+02	
2.4950033453e+02	6.8036111735e+02	
2.4960037786e+02	3.8812262758e+02	
2.4970041389e+02	3.0797864459e+02	
2.4980034847e+02	3.5749962119e+02	
2.4990039310e+02	4.6055718925e+02	
2.5000005525e+02	4.7790499471e+02	
2.5010011190e+02	5.2420445264e+02	
2.5020017962e+02	5.4457457788e+02	
2.5030020441e+02	4.8152931250e+02	
2.5040042361e+02	5.1071951780e+02	
2.5050021963e+02	4.3381188833e+02	
2.5060005533e+02	4.1500483903e+02	
2.5070047762e+02	5.2392037643e+02	
2.5080019740e+02	3.4125355656e+02	
2.5090032502e+02	3.2975355962e+02	
2.5100021867e+02	3.6167766944e+02	
2.5110008809e+02	4.8266596190e+02	
2.5120003311e+02	7.0946773679e+02	
2.5130031691e+02	2.6739780469e+02	
2.5140024203e+02	2.2674214394e+02	
2.5150037136e+02	1.6519238604e+02	
2.5160017819e+02	1.6853219283e+02	
2.5170005858e+02	1.7227739930e+02	
2.5180049633e+02	1.8521158559e+02	
2.5190056437e+02	2.7575518644e+02	
2.5200017387e+02	3.5840097960e+02	
2.5210019213e+02	4.0566623643e+02	
2.5220010972e+02	3.1998856175e+02	
2.5230000312e+02	3.5716716138e+02	
2.5240038707e+02	4.2543847710e+02	
2.5250054750e+02	5.4513435250e+02	
2.5260054597e+02	4.1433496344e+02	
2.5270006854e+02	5.3925654692e+02	
2.5280039355e+02	4.8438401933e+02	
2.5290017165e+02	4.3498742589e+02	
2.5300045496e+02	5.2829558874e+02	
2.5310049303e+02	4.5693437565e+02	
2.5320046334e+02	5.0778987578e+02	
2.5330024741e+02	5.9791361913e+02	
2.5340014374e+02	5.1545794238e+02	
2.5350030400e+02	4.4591646034e+02	
2.5360035865e+02	2.5852528039e+02	
2.5370042117e+02	2.3394669283e+02	
2.5380040976e+02	2.2258291972e+02	
2.5390025390e+02	2.9311025206e+02	
2.5400029995e+02	3.0359964564e+02	
2.5410054403e+02	3.2115029951e+02	
2.5420026004e+02	3.7216933382e+02	
2.5430056808e+02	2.6495326278e+02	
2.5440038383e+02	2.2048033951e+02	
2.5450026572e+02	2.4613220885e+02	
2.5460055165e+02	2.5278551115e+02	
2.5470014492e+02	1.9668307015e+02	
2.5480046101e+02	2.1208391707e+02	
2.5490044805e+02	2.1899099698e+02	
2.5500021013e+02	2.3983496626e+02	
2.5510026624e+02	2.1630948417e+02	
2.5520031312e+02	3.3083521971e+02	
2.5530032034e+02	2.5753699026e+02	
2.5540040315e+02	2.4121471005e+02	
2.5550000505e+02	2.0921910195e+02	
2.5560043460e+02	2.2043198575e+02	
2.5570006449e+02	2.6317323310e+02	
2.5580002159e+02	2.7750234440e+02	
2.5590039504e+02	3.8156582501e+02	
2.5600016402e+02	2.8721767722e+02	
2.5610031459e+02	3.0669920977e+02	
2.5620041460e+02	3.2889363572e+02	
2.5630039008e+02	3.5625600338e+02	
2.5640014804e+02	3.3665762656e+02	
2.5650024232e+02	3.4006998300e+02	
2.5660050889e+02	3.9390503612e+02	
2.5670030261e+02	4.0713848584e+02	
2.5680038750e+02	2.9253221163e+02	
2.5690050035e+02	3.1623023104e+02	
2.5700053345e+02	3.3999948448e+02	
2.5710017098e+02	3.7941648923e+02	
2.5720003707e+02	2.7266501551e+02	
2.5730003326e+02	2.9766122806e+02	
2.5740015239e+02	2.7217639566e+02	
2.5750015049e+02	3.1851769475e+02	
2.5760003867e+02	3.3361639996e+02	
2.5770055627e+02	3.0115961266e+02	
2.5780033990e+02	2.6599403014e+02	
2.5790056004e+02	2.9441469457e+02	
2.5800042870e+02	4.0472472089e+02	
2.5810035631e+02	2.6051697029e+02	
2.5820014011e+02	2.0766950884e+02	
2.5830018801e+02	1.8662289415e+02	
2.5840044712e+02	2.0106065666e+02	
2.5850043679e+02	2.0544108836e+02	
2.5860038465e+02	2.0429418155e+02	
2.5870009852e+02	2.1741533901e+02	
2.5880032118e+02	2.5423335542e+02	
2.5890040305e+02	4.0950702922e+02	
2.5900039840e+02	4.3008152801e+02	
2.5910038094e+02	4.8942845624e+02	
2.5920009750e+02	3.1964557190e+02	
2.5930026663e+02	3.7656305466e+02	
2.5940011066e+02	3.0826520536e+02	
2.5950038365e+02	4.0276682586e+02	
2.5960018677e+02	4.6270308057e+02	
2.5970041333e+02	4.2836591589e+02	
2.5980020926e+02	4.2346029531e+02	
2.5990012010e+02	4.3038174589e+02	
2.6000039674e+02	4.7542941387e+02	
2.6010015449e+02	5.4960749054e+02	
2.6020003225e+02	7.1118699573e+02	
2.6030058812e+02	6.6004344607e+02	
2.6040053633e+02	4.9297099005e+02	
2.6050031286e+02	3.7124065189e+02	
2.6060014491e+02	3.1997671960e+02	
2.6070026987e+02	2.6869611372e+02	
2.6080036970e+02	2.4534170838e+02	
2.6090053464e+02	2.4042969806e+02	
2.6100024210e+02	2.0186088926e+02	
2.6110057332e+02	2.2990281647e+02	
2.6120037911e+02	3.9249370340e+02	
