0.0000000000e+00	2.0000000000e-01	
1.0031606077e-01	2.1846916563e-01	
2.0017263388e-01	2.2078065894e-01	
3.0026526568e-01	2.2163748262e-01	
4.0031179551e-01	2.2193573056e-01	
5.0040769888e-01	2.2091858057e-01	
6.0021290529e-01	2.2049493377e-01	
7.0019061897e-01	2.2165678651e-01	
8.0038382166e-01	2.2248835108e-01	
9.0032750901e-01	2.2299539283e-01	
1.0004180978e+00	2.2326878093e-01	
1.1000256739e+00	2.2341997716e-01	
1.2005570861e+00	2.2354024219e-01	
1.3001084326e+00	2.2405633284e-01	
1.4000384899e+00	2.2512654078e-01	
1.5006551651e+00	2.2630063123e-01	
1.6006482941e+00	2.2776311683e-01	
1.7003568117e+00	2.2926610743e-01	
1.8000655311e+00	2.3071110144e-01	
1.9004957065e+00	2.3206922013e-01	
2.0000597512e+00	2.3325836977e-01	
2.1001986404e+00	2.3450271930e-01	
2.2001364423e+00	2.3518085183e-01	
2.3002413393e+00	2.3508154540e-01	
2.4004075393e+00	2.3611639808e-01	
2.5001747947e+00	2.3674142058e-01	
2.6000068659e+00	2.3667568037e-01	
2.7003359413e+00	2.3565629515e-01	
2.8000009519e+00	2.3644750924e-01	
2.9002941859e+00	2.3760868498e-01	
3.0001314234e+00	2.3830254719e-01	
3.1000249333e+00	2.3825067978e-01	
3.2000895568e+00	2.3723398154e-01	
3.3000610190e+00	2.3829514264e-01	
3.4000584888e+00	2.3929114477e-01	
3.5001947533e+00	2.3983358493e-01	
3.6001755098e+00	2.3976713652e-01	
3.7000747199e+00	2.3886161157e-01	
3.8003851130e+00	2.3962745137e-01	
3.9002924500e+00	2.4042496778e-01	
4.0002121898e+00	2.4106090669e-01	
4.1001021544e+00	2.4154576992e-01	
4.2003785055e+00	2.4190896180e-01	
4.3003944034e+00	2.4221801654e-01	
4.4004429038e+00	2.4254505577e-01	
4.5001972038e+00	2.4293767278e-01	
4.6005114148e+00	2.4347403584e-01	
4.7001766311e+00	2.4415276690e-01	
4.8000800493e+00	2.4476295508e-01	
4.9000743824e+00	2.4532008080e-01	
5.0000967762e+00	2.4577541039e-01	
5.1003169428e+00	2.4610868319e-01	
5.2004017118e+00	2.4624695768e-01	
5.3001544027e+00	2.4605183087e-01	
5.4004193112e+00	2.4530374013e-01	
5.5001203424e+00	2.4372245901e-01	
5.6001302248e+00	2.4275434554e-01	
5.7000028595e+00	2.4185125617e-01	
5.8001858406e+00	2.4013677587e-01	
5.9003045677e+00	2.4004391024e-01	
6.0000573912e+00	2.4040000594e-01	
6.1003312861e+00	2.4067216658e-01	
6.2000674089e+00	2.4040564399e-01	
6.3001537220e+00	2.4182359369e-01	
6.4003231007e+00	2.4331749957e-01	
6.5003037468e+00	2.4448624814e-01	
6.6002134131e+00	2.4514068397e-01	
6.7001514968e+00	2.4556604988e-01	
6.8002138444e+00	2.4645084431e-01	
6.9000606955e+00	2.4686180617e-01	
7.0001660512e+00	2.4694462577e-01	
7.1001196094e+00	2.4702284622e-01	
7.2003665852e+00	2.4712195837e-01	
7.3003550385e+00	2.4725617598e-01	
7.4004461920e+00	2.4757428345e-01	
7.5004508066e+00	2.4793965313e-01	
7.6000528492e+00	2.4824855423e-01	
7.7000785968e+00	2.4845690460e-01	
7.8001056852e+00	2.4861463253e-01	
7.9004138095e+00	2.4870512270e-01	
8.0006325897e+00	2.4873263182e-01	
8.1001514923e+00	2.4848028609e-01	
8.2004437683e+00	2.4789987537e-01	
8.3004678502e+00	2.4759913314e-01	
8.4000240360e+00	2.4684313390e-01	
8.5004428305e+00	2.4516356886e-01	
8.6000883727e+00	2.4227398913e-01	
8.7003056464e+00	2.3827448479e-01	
8.8001626664e+00	2.4924363791e-01	
8.9001282600e+00	2.7249821713e-01	
9.0002436096e+00	3.0074217818e-01	
9.1001886665e+00	3.2909231390e-01	
9.2000721682e+00	3.5266173276e-01	
9.3000091857e+00	3.7234560118e-01	
9.4001257300e+00	3.8334809796e-01	
9.5001163702e+00	3.9146468090e-01	
9.6000937597e+00	3.9740144964e-01	
9.7001794718e+00	3.9762774317e-01	
9.8000636218e+00	3.9867915192e-01	
9.9002325160e+00	4.0879434026e-01	
1.0000407858e+01	4.1842308806e-01	
1.0100229706e+01	4.2509028940e-01	
1.0200134732e+01	4.2837519896e-01	
1.0300122783e+01	4.3777109354e-01	
1.0400230982e+01	4.4783976423e-01	
1.0500302713e+01	4.5897425313e-01	
1.0600113463e+01	4.7143763980e-01	
1.0700017869e+01	4.9280474456e-01	
1.0800306368e+01	5.0682892339e-01	
1.0900536528e+01	5.3314659574e-01	
1.1000636970e+01	5.5393622417e-01	
1.1100308610e+01	5.9528538896e-01	
1.1200586739e+01	6.0281369642e-01	
1.1300242031e+01	6.4153008767e-01	
1.1400187984e+01	6.4923524157e-01	
1.1500023743e+01	6.4158101942e-01	
1.1600022393e+01	6.1163688187e-01	
1.1700378822e+01	5.6173358259e-01	
1.1800058197e+01	5.7075342014e-01	
1.1900334776e+01	5.5058273028e-01	
1.2000013374e+01	5.6537285792e-01	
1.2100389899e+01	6.7534813711e-01	
1.2200011190e+01	8.7249325948e-01	
1.2300228264e+01	1.2233891370e+00	
1.2400346638e+01	1.8340828675e+00	
1.2500199196e+01	2.4544305129e+00	
1.2600075763e+01	2.4708982117e+00	
1.2700032256e+01	2.9457160450e+00	
1.2800271076e+01	3.4134722852e+00	
1.2900141202e+01	3.1504038686e+00	
1.3000400420e+01	2.6736211407e+00	
1.3100098732e+01	2.7521927958e+00	
1.3200326906e+01	2.0208953835e+00	
1.3300428609e+01	1.8661535001e+00	
1.3400237594e+01	1.7489187863e+00	
1.3500178313e+01	1.6879181437e+00	
1.3600478331e+01	1.7241868600e+00	
1.3700037261e+01	1.9513469583e+00	
1.3800107245e+01	2.8874416548e+00	
1.3900211304e+01	2.6421374159e+00	
1.4000536799e+01	3.9358824608e+00	
1.4100294298e+01	6.8789448122e+00	
1.4200316937e+01	1.4022032292e+01	
1.4300011030e+01	7.5228418055e+00	
1.4400184967e+01	6.6796994153e+00	
1.4500199119e+01	7.4941077184e+00	
1.4600292385e+01	8.0860860681e+00	
1.4700491177e+01	7.0477177252e+00	
1.4800391701e+01	7.3249428848e+00	
1.4900373686e+01	8.1667920279e+00	
1.5000304988e+01	1.1181257376e+01	
1.5100352580e+01	1.3718905159e+01	
1.5200084735e+01	1.1827266941e+01	
1.5300144868e+01	1.2483267894e+01	
1.5400153422e+01	1.3798255681e+01	
1.5500071794e+01	1.7673789515e+01	
1.5600052710e+01	1.8604281691e+01	
1.5700155124e+01	1.2026271847e+01	
1.5800149464e+01	8.1932383180e+00	
1.5900242674e+01	1.2768153172e+01	
1.6000067362e+01	1.0247632460e+01	
1.6100275822e+01	9.8007273669e+00	
1.6200039107e+01	1.1989852629e+01	
1.6300260465e+01	7.1083561481e+00	
1.6400317559e+01	6.7010873879e+00	
1.6500021658e+01	8.7696299289e+00	
1.6600419546e+01	7.3795646475e+00	
1.6700059734e+01	6.5359599038e+00	
1.6800401451e+01	6.7500228132e+00	
1.6900228555e+01	1.4060202459e+01	
1.7000291417e+01	9.2754555651e+00	
1.7100332367e+01	1.0019433883e+01	
1.7200522224e+01	1.0567351375e+01	
1.7300187921e+01	1.0021648287e+01	
1.7400439841e+01	1.0600534724e+01	
1.7500372453e+01	1.2259430343e+01	
1.7600129196e+01	1.1670359446e+01	
1.7700450421e+01	1.0497300905e+01	
1.7800456398e+01	1.1105498115e+01	
1.7900327754e+01	1.5838075554e+01	
1.8000367273e+01	1.0740553819e+01	
1.8100186413e+01	1.8506043270e+01	
1.8200148737e+01	2.6122904310e+01	
1.8300110238e+01	3.2399552875e+01	
1.8400154995e+01	3.3287692662e+01	
1.8500079063e+01	3.1388681132e+01	
1.8600244041e+01	2.2248986332e+01	
1.8700088682e+01	4.4830199620e+01	
1.8800102326e+01	4.3297477209e+01	
1.8900353348e+01	3.2050866511e+01	
1.9000220102e+01	2.0946648505e+01	
1.9100100953e+01	4.1593701000e+01	
1.9200239454e+01	3.0210352269e+01	
1.9300231878e+01	1.5736769334e+01	
1.9400259843e+01	1.2698435852e+01	
1.9500234841e+01	1.2784115220e+01	
1.9600390295e+01	1.1389550456e+01	
1.9700052175e+01	1.2483305762e+01	
1.9800266545e+01	1.1482940769e+01	
1.9900264674e+01	2.0461059463e+01	
2.0000114558e+01	1.6390934675e+01	
2.0100064013e+01	2.0905085382e+01	
2.0200259538e+01	1.4566030743e+01	
2.0300342845e+01	1.9085453449e+01	
2.0400094041e+01	2.1198068729e+01	
2.0500206298e+01	2.0163166544e+01	
2.0600342138e+01	1.7958311365e+01	
2.0700240010e+01	1.8360567633e+01	
2.0800052499e+01	2.9428419239e+01	
2.0900205964e+01	2.8013208648e+01	
2.1000095476e+01	3.6961314664e+01	
2.1100096603e+01	5.4117676658e+01	
2.1200024320e+01	3.1349702961e+01	
2.1300345623e+01	4.1905474848e+01	
2.1400096194e+01	4.0030071197e+01	
2.1500247797e+01	3.9565958433e+01	
2.1600256264e+01	3.7148303164e+01	
2.1700150843e+01	4.3703728957e+01	
2.1800058167e+01	5.3960264002e+01	
2.1900112027e+01	4.0379737476e+01	
2.2000195132e+01	4.1696409136e+01	
2.2100072447e+01	5.2454440082e+01	
2.2200254189e+01	6.3743338996e+01	
2.2300139352e+01	5.9954489374e+01	
2.2400261424e+01	3.6113208298e+01	
2.2500238458e+01	2.1798279982e+01	
2.2600075507e+01	2.3538668782e+01	
2.2700104506e+01	2.1266847986e+01	
2.2800018751e+01	1.9918885915e+01	
2.2900079370e+01	3.0253781084e+01	
2.3000174097e+01	1.6542417045e+01	
2.3100392351e+01	2.3848184351e+01	
2.3200065567e+01	3.2061757570e+01	
2.3300208863e+01	3.3035628741e+01	
2.3400422152e+01	3.3804746370e+01	
2.3500386667e+01	2.8482119603e+01	
2.3600192488e+01	3.2905168305e+01	
2.3700126248e+01	2.6060817074e+01	
2.3800210636e+01	2.4566595958e+01	
2.3900064638e+01	3.4309870432e+01	
2.4000200011e+01	4.1567181763e+01	
2.4100197490e+01	3.4420975454e+01	
2.4200087481e+01	3.7825534879e+01	
2.4300107945e+01	6.7531995226e+01	
2.4400108708e+01	8.5588911422e+01	
2.4500181763e+01	6.3021579607e+01	
2.4600070279e+01	5.2993071342e+01	
2.4700063639e+01	4.1130454001e+01	
2.4800075993e+01	4.9429691305e+01	
2.4900296321e+01	4.7289043129e+01	
2.5000095661e+01	3.7096785909e+01	
2.5100174498e+01	6.2672117148e+01	
2.5200140739e+01	1.8791502202e+02	
2.5300180724e+01	1.1197749841e+02	
2.5400288745e+01	9.3658078339e+01	
2.5500343539e+01	5.3330967636e+01	
2.5600106331e+01	6.7651605783e+01	
2.5700040035e+01	4.5629848081e+01	
2.5800205294e+01	3.4380033597e+01	
2.5900254973e+01	3.3864563361e+01	
2.6000022805e+01	2.7726302759e+01	
2.6100210584e+01	2.3627158742e+01	
2.6200313408e+01	2.5709523471e+01	
2.6300154964e+01	2.6463976320e+01	
2.6400328550e+01	2.6145746669e+01	
2.6500074252e+01	1.6708894633e+01	
2.6600204307e+01	1.9487623097e+01	
2.6700043894e+01	2.6723266790e+01	
2.6800276840e+01	5.0541837178e+01	
2.6900067299e+01	4.2927116229e+01	
2.7000018721e+01	4.5053566761e+01	
2.7100142062e+01	4.4504399913e+01	
2.7200215550e+01	4.9901001191e+01	
2.7300271667e+01	4.9196721673e+01	
2.7400132222e+01	4.9386830462e+01	
2.7500252600e+01	4.2048345668e+01	
2.7600077464e+01	4.6766260087e+01	
2.7700177513e+01	4.6661625124e+01	
2.7800366800e+01	5.0561212721e+01	
2.7900021586e+01	5.1067383067e+01	
2.8000177688e+01	3.8994743169e+01	
2.8100338173e+01	5.0918645013e+01	
2.8200087770e+01	1.1275198832e+02	
2.8300378749e+01	4.6469198748e+01	
2.8400342918e+01	5.4638472703e+01	
2.8500260081e+01	3.2851359445e+01	
2.8600186560e+01	8.6709304689e+01	
2.8700013803e+01	4.5261917271e+01	
2.8800357988e+01	4.2346748569e+01	
2.8900302155e+01	4.5719628149e+01	
2.9000372964e+01	3.7253814679e+01	
2.9100181702e+01	6.5499144784e+01	
2.9200239793e+01	4.3364902736e+01	
2.9300168894e+01	2.7136730307e+01	
2.9400215468e+01	3.9365145972e+01	
2.9500204098e+01	3.3327901734e+01	
2.9600329277e+01	2.5951036487e+01	
2.9700070999e+01	2.5122208536e+01	
2.9800247920e+01	2.7719055824e+01	
2.9900211334e+01	3.0755414518e+01	
3.0000022956e+01	2.9353166533e+01	
3.0100412128e+01	2.6103376319e+01	
3.0200284834e+01	1.7474660549e+01	
3.0300258349e+01	3.6108096956e+01	
3.0400023016e+01	5.4480740487e+01	
3.0500236237e+01	6.0908201173e+01	
3.0600064287e+01	5.9776989749e+01	
3.0700004036e+01	2.6327694455e+01	
3.0800380971e+01	2.6699041959e+01	
3.0900348556e+01	3.6598311063e+01	
3.1000322370e+01	3.0511788914e+01	
3.1100104123e+01	2.5290253678e+01	
3.1200361322e+01	2.7911481691e+01	
3.1300140001e+01	3.8214295442e+01	
3.1400119874e+01	3.0001913836e+01	
3.1500231696e+01	2.6130739943e+01	
3.1600130834e+01	2.7739542409e+01	
3.1700122838e+01	3.2611759847e+01	
3.1800335495e+01	2.6735072795e+01	
3.1900036563e+01	3.0840271451e+01	
3.2000024931e+01	5.4956250859e+01	
3.2100012953e+01	2.7421528998e+01	
3.2200115089e+01	2.8853795523e+01	
3.2300267462e+01	2.9579477436e+01	
3.2400234704e+01	3.3726031972e+01	
3.2500053611e+01	2.7416494758e+01	
3.2600320684e+01	1.8771332413e+01	
3.2700062582e+01	1.8618365224e+01	
3.2800075497e+01	2.5192481596e+01	
3.2900043770e+01	1.9858209410e+01	
3.3000181411e+01	2.9859448911e+01	
3.3100241113e+01	2.2922655832e+01	
3.3200116903e+01	1.7598864426e+01	
3.3300268101e+01	2.9782861839e+01	
3.3400214013e+01	3.8514740156e+01	
3.3500212405e+01	1.9112587838e+01	
3.3600403142e+01	2.2010635688e+01	
3.3700270001e+01	2.6460749203e+01	
3.3800263032e+01	2.1704201391e+01	
3.3900141586e+01	1.8835490984e+01	
3.4000120181e+01	2.0628928821e+01	
3.4100341324e+01	2.1055294844e+01	
3.4200049717e+01	2.3642259490e+01	
3.4300217990e+01	1.4772824933e+01	
3.4400265950e+01	1.6152973826e+01	
3.4500064669e+01	2.1349557539e+01	
3.4600224485e+01	2.4550592339e+01	
3.4700287150e+01	1.7065855046e+01	
3.4800137233e+01	1.9105950374e+01	
3.4900246293e+01	2.4809002506e+01	
3.5000166884e+01	2.6828517811e+01	
3.5100304070e+01	2.3449997571e+01	
3.5200459554e+01	2.5385371451e+01	
3.5300118415e+01	2.5939659133e+01	
3.5400169480e+01	1.9021193906e+01	
3.5500229397e+01	2.0641546535e+01	
3.5600118123e+01	2.2743615506e+01	
3.5700453991e+01	2.3635429809e+01	
3.5800200172e+01	2.1286665361e+01	
3.5900038383e+01	1.4197251413e+01	
3.6000044628e+01	1.9078412407e+01	
3.6100010847e+01	1.9810971131e+01	
3.6200162940e+01	1.7940389896e+01	
3.6300176837e+01	1.9776038386e+01	
3.6400395565e+01	1.4649634542e+01	
3.6500451390e+01	2.0807281950e+01	
3.6600172543e+01	1.7012019110e+01	
3.6700082170e+01	2.0013635155e+01	
3.6800400563e+01	1.6316601207e+01	
3.6900094145e+01	1.3949268429e+01	
3.7000450190e+01	1.5210922298e+01	
3.7100097708e+01	1.4734993138e+01	
3.7200088429e+01	1.4876274565e+01	
3.7300170888e+01	1.6623367759e+01	
3.7400200365e+01	1.2666494279e+01	
3.7500442535e+01	1.4004102791e+01	
3.7600016851e+01	1.6595766099e+01	
3.7700251807e+01	1.9746293637e+01	
3.7800014500e+01	2.6936570916e+01	
3.7900348152e+01	2.1264323953e+01	
3.8000054750e+01	1.6889984110e+01	
3.8100402735e+01	1.4281973377e+01	
3.8200154629e+01	1.9805373725e+01	
3.8300387221e+01	2.2265292125e+01	
3.8400166992e+01	2.2227005445e+01	
3.8500007176e+01	1.4111918200e+01	
3.8600300718e+01	1.7834476785e+01	
3.8700105383e+01	2.1699140073e+01	
3.8800015251e+01	1.8048615237e+01	
3.8900438709e+01	2.0356504401e+01	
3.9000484452e+01	1.6763290093e+01	
3.9100198879e+01	1.9717513486e+01	
3.9200096227e+01	1.3736431121e+01	
3.9300022164e+01	1.2737325569e+01	
3.9400518488e+01	1.3018523029e+01	
3.9500362110e+01	1.1762143833e+01	
3.9600178440e+01	1.0607418878e+01	
3.9700029130e+01	1.0923164140e+01	
3.9800219510e+01	1.3876150648e+01	
3.9900080004e+01	2.0777914541e+01	
4.0000372807e+01	1.8383099474e+01	
4.0100514019e+01	1.9703121306e+01	
4.0200265588e+01	2.1035817526e+01	
4.0300513224e+01	1.6205905502e+01	
4.0400316117e+01	1.1242558654e+01	
4.0500208833e+01	1.0855326109e+01	
4.0600416669e+01	1.7188951090e+01	
4.0700027136e+01	1.5888677816e+01	
4.0800410404e+01	1.0798332104e+01	
4.0900394458e+01	1.0451402145e+01	
4.1000087598e+01	1.4958378323e+01	
4.1100013771e+01	1.5307328631e+01	
4.1200122051e+01	1.2558234540e+01	
4.1300209941e+01	1.5294453152e+01	
4.1400049038e+01	1.0529961287e+01	
4.1500203303e+01	9.1918513130e+00	
4.1600173271e+01	1.3290275559e+01	
4.1700315725e+01	1.3107313534e+01	
4.1800411506e+01	1.0407621786e+01	
4.1900327510e+01	9.3848784564e+00	
4.2000060525e+01	1.0340919697e+01	
4.2100139864e+01	9.5995503446e+00	
4.2200492836e+01	1.1831070002e+01	
4.2300071208e+01	1.1730906453e+01	
4.2400413812e+01	1.0859511391e+01	
4.2500143806e+01	9.9654895250e+00	
4.2600075064e+01	9.9334369653e+00	
4.2700243210e+01	1.1421570098e+01	
4.2800324896e+01	1.0826748340e+01	
4.2900414658e+01	1.1830377247e+01	
4.3000479147e+01	1.1425339031e+01	
4.3100002871e+01	1.4464168645e+01	
4.3200169075e+01	1.5636570233e+01	
4.3300349394e+01	1.6314090401e+01	
4.3400281960e+01	1.5514902830e+01	
4.3500002972e+01	1.4537803371e+01	
4.3600058671e+01	1.3244247896e+01	
4.3700459343e+01	1.0382369541e+01	
4.3800276481e+01	8.0791605079e+00	
4.3900350063e+01	1.1002048062e+01	
4.4000147576e+01	1.0449826059e+01	
4.4100248074e+01	1.0733893675e+01	
4.4200219985e+01	1.1256404448e+01	
4.4300069988e+01	1.0949324368e+01	
4.4400168011e+01	1.2311214954e+01	
4.4500483434e+01	9.6667981127e+00	
4.4600444378e+01	1.0492799704e+01	
4.4700367599e+01	1.0018562454e+01	
4.4800276317e+01	8.6826499141e+00	
4.4900256549e+01	9.9030299775e+00	
4.5000368937e+01	8.9021167847e+00	
4.5100023099e+01	1.0383685777e+01	
4.5200031369e+01	1.3384510010e+01	
4.5300376113e+01	1.1217465636e+01	
4.5400130806e+01	1.1049428616e+01	
4.5500513374e+01	1.0807058625e+01	
4.5600133486e+01	1.0889734719e+01	
4.5700091578e+01	1.2215412821e+01	
4.5800208106e+01	1.2623153543e+01	
4.5900493936e+01	1.2872239462e+01	
4.6000160330e+01	1.2557306080e+01	
4.6100130628e+01	1.1556038488e+01	
4.6200314542e+01	1.3010869082e+01	
4.6300357387e+01	1.0821227963e+01	
4.6400258644e+01	1.2393818148e+01	
4.6500127703e+01	1.1283180562e+01	
4.6600334021e+01	1.3612556714e+01	
4.6700027101e+01	1.2870874668e+01	
4.6800425675e+01	1.0196356593e+01	
4.6900444270e+01	8.6108653657e+00	
4.7000153240e+01	6.8524431716e+00	
4.7100301349e+01	6.8613403618e+00	
4.7200495965e+01	7.4674667297e+00	
4.7300501430e+01	8.1326381207e+00	
4.7400122723e+01	8.1232065169e+00	
4.7500107707e+01	7.0067462388e+00	
4.7600216455e+01	7.9970221660e+00	
4.7700252494e+01	8.2139492605e+00	
4.7800222881e+01	9.0363386660e+00	
4.7900390877e+01	1.0701913039e+01	
4.8000309129e+01	1.2879463847e+01	
4.8100012357e+01	1.0830220995e+01	
4.8200467876e+01	7.6906020266e+00	
4.8300199015e+01	7.0985223227e+00	
4.8400022926e+01	7.1070601891e+00	
4.8500327337e+01	6.7742575647e+00	
4.8600391194e+01	5.2999396076e+00	
4.8700251666e+01	5.3521186064e+00	
4.8800126263e+01	5.8447452964e+00	
4.8900404903e+01	6.7797323412e+00	
4.9000370360e+01	8.7011462397e+00	
4.9100157434e+01	7.8208365054e+00	
4.9200188049e+01	7.2153905572e+00	
4.9300489677e+01	6.8223392392e+00	
4.9400208967e+01	6.4694103424e+00	
4.9500117036e+01	6.3403320630e+00	
4.9600374845e+01	6.3967796128e+00	
4.9700250243e+01	9.4153008975e+00	
4.9800150499e+01	7.2935912924e+00	
4.9900309800e+01	9.4091109000e+00	
5.0000112923e+01	1.0054066568e+01	
5.0100517562e+01	8.3102168172e+00	
5.0200466410e+01	8.9116727295e+00	
5.0300379827e+01	6.5849184673e+00	
5.0400507223e+01	4.9561861959e+00	
5.0500025580e+01	5.0021697852e+00	
5.0600205237e+01	5.2395911806e+00	
5.0700178626e+01	5.5514624245e+00	
5.0800511215e+01	6.7747366164e+00	
5.0900282228e+01	9.4705016978e+00	
5.1000471642e+01	8.2172780534e+00	
5.1100467178e+01	5.8082581391e+00	
5.1200455800e+01	5.4723945031e+00	
5.1300289793e+01	5.5849870911e+00	
5.1400245223e+01	6.6382183229e+00	
5.1500039550e+01	5.0693056761e+00	
5.1600139791e+01	6.6021083841e+00	
5.1700153310e+01	7.8933766551e+00	
5.1800446670e+01	8.3340890388e+00	
5.1900383204e+01	6.8599018569e+00	
5.2000417099e+01	7.4944276148e+00	
5.2100326530e+01	5.9698761087e+00	
5.2200549488e+01	5.3388960663e+00	
5.2300232826e+01	5.5316958595e+00	
5.2400513770e+01	7.8150719124e+00	
5.2500198281e+01	6.1547515517e+00	
5.2600279326e+01	6.6531236904e+00	
5.2700018078e+01	7.0363489293e+00	
5.2800203426e+01	5.6424498499e+00	
5.2900263156e+01	6.7901500477e+00	
5.3000117947e+01	8.1999086932e+00	
5.3100553352e+01	9.0652775529e+00	
5.3200153636e+01	9.8167503936e+00	
5.3300104654e+01	1.0435689846e+01	
5.3400210641e+01	1.1140557808e+01	
5.3500129177e+01	1.4796559658e+01	
5.3600070625e+01	1.5260971142e+01	
5.3700489050e+01	1.1456474566e+01	
5.3800170211e+01	1.0277991270e+01	
5.3900330057e+01	9.4939625183e+00	
5.4000322769e+01	1.0085324153e+01	
5.4100545973e+01	7.9049523258e+00	
5.4200551422e+01	5.7926619317e+00	
5.4300205784e+01	4.8490054093e+00	
5.4400344234e+01	4.8166208124e+00	
5.4500468067e+01	4.9431960642e+00	
5.4600564173e+01	5.7831696524e+00	
5.4700261751e+01	8.1460223097e+00	
5.4800177316e+01	1.1452222369e+01	
5.4900381101e+01	1.2947962536e+01	
5.5000075382e+01	1.1762890838e+01	
5.5100111219e+01	1.0828926443e+01	
5.5200483540e+01	8.7663190831e+00	
5.5300245414e+01	6.4967816545e+00	
5.5400148782e+01	5.7879199664e+00	
5.5500417074e+01	4.9257250674e+00	
5.5600101991e+01	5.5570834007e+00	
5.5700030104e+01	4.9450332241e+00	
5.5800108898e+01	5.0956125913e+00	
5.5900228474e+01	5.7106656168e+00	
5.6000134198e+01	6.8809055449e+00	
5.6100366829e+01	7.8348486562e+00	
5.6200432808e+01	8.2514084215e+00	
5.6300254047e+01	7.3270469658e+00	
5.6400308420e+01	6.1015621097e+00	
5.6500435074e+01	6.1734850173e+00	
5.6600035288e+01	6.6033561952e+00	
5.6700034508e+01	6.2400811869e+00	
5.6800153571e+01	5.6037112197e+00	
5.6900311153e+01	5.8342993237e+00	
5.7000252996e+01	6.3993836413e+00	
5.7100304646e+01	6.9308898678e+00	
5.7200261174e+01	7.1341117959e+00	
5.7300403132e+01	6.6054460630e+00	
5.7400560736e+01	5.1888643706e+00	
5.7500459839e+01	6.6856435145e+00	
5.7600359007e+01	6.8575208061e+00	
5.7700261111e+01	5.6259761711e+00	
5.7800145970e+01	4.3707924165e+00	
5.7900120477e+01	4.6537085482e+00	
5.8000080432e+01	3.8471614863e+00	
5.8100207872e+01	5.6793321991e+00	
5.8200249300e+01	6.6683034183e+00	
5.8300121923e+01	7.5661949270e+00	
5.8400509245e+01	7.8635985507e+00	
5.8500071323e+01	7.9817419533e+00	
5.8600569290e+01	6.2801866142e+00	
5.8700370132e+01	5.7831282692e+00	
5.8800358270e+01	5.3641697811e+00	
5.8900091246e+01	5.3684184933e+00	
5.9000020564e+01	5.8987463677e+00	
5.9100376174e+01	6.0066022783e+00	
5.9200298311e+01	6.7826401399e+00	
5.9300535395e+01	7.8560152485e+00	
5.9400167963e+01	9.9474124621e+00	
5.9500271921e+01	1.0852988552e+01	
5.9600357228e+01	9.3390384769e+00	
5.9700393359e+01	7.5454076232e+00	
5.9800471636e+01	4.9088231772e+00	
5.9900442009e+01	5.6623543676e+00	
6.0000555265e+01	4.7700611906e+00	
6.0100313891e+01	5.1980520379e+00	
6.0200350274e+01	5.4924040314e+00	
6.0300186128e+01	5.8132555273e+00	
6.0400524813e+01	6.0275913526e+00	
6.0500346486e+01	7.8577156095e+00	
6.0600537954e+01	1.2181463495e+01	
6.0700523671e+01	1.2978139194e+01	
6.0800233267e+01	1.5437979558e+01	
6.0900001871e+01	1.6603632690e+01	
6.1000194431e+01	1.3669084441e+01	
6.1100346778e+01	1.8356438977e+01	
6.1200285834e+01	2.1570457919e+01	
6.1300003920e+01	2.3289061702e+01	
6.1400254333e+01	2.2800729792e+01	
6.1500309972e+01	2.0895504338e+01	
6.1600525198e+01	1.7159581180e+01	
6.1700045584e+01	1.3277275481e+01	
6.1800292205e+01	9.8091327516e+00	
6.1900378157e+01	7.2502178337e+00	
6.2000305405e+01	8.0232946938e+00	
6.2100443895e+01	9.6746031670e+00	
6.2200461687e+01	8.0238578426e+00	
6.2300350042e+01	6.6330855486e+00	
6.2400476693e+01	6.0943530822e+00	
6.2500448691e+01	7.6587559354e+00	
6.2600371227e+01	6.3914634681e+00	
6.2700287411e+01	4.2325218513e+00	
6.2800419678e+01	5.3762877624e+00	
6.2900284852e+01	4.0297842294e+00	
6.3000440953e+01	5.1722447318e+00	
6.3100508676e+01	7.5511341743e+00	
6.3200355720e+01	7.7662686047e+00	
6.3300194491e+01	5.2940210503e+00	
6.3400223826e+01	5.6507407630e+00	
6.3500302896e+01	5.2854135537e+00	
6.3600264766e+01	7.2071695741e+00	
6.3700214089e+01	6.1476428266e+00	
6.3800107552e+01	5.5607725754e+00	
6.3900396693e+01	5.5916973417e+00	
6.4000461278e+01	7.8846934396e+00	
6.4100512230e+01	5.7409065704e+00	
6.4200216006e+01	7.0058381156e+00	
6.4300087752e+01	4.6379666177e+00	
6.4400096515e+01	4.4253362822e+00	
6.4500530499e+01	4.0452113525e+00	
6.4600532727e+01	4.4123968171e+00	
6.4700208781e+01	5.1759601183e+00	
6.4800124144e+01	5.4555397461e+00	
6.4900377428e+01	5.1628185656e+00	
6.5000497663e+01	4.9628152153e+00	
6.5100404830e+01	4.9120706320e+00	
6.5200275633e+01	4.7729090505e+00	
6.5300495819e+01	4.5984057232e+00	
6.5400015915e+01	5.9422865480e+00	
6.5500281745e+01	5.9887336790e+00	
6.5600164657e+01	4.8035736007e+00	
6.5700358462e+01	4.6101226842e+00	
6.5800447951e+01	4.7466645003e+00	
6.5900483448e+01	4.2203229011e+00	
6.6000413850e+01	3.9754319369e+00	
6.6100527008e+01	3.8274296686e+00	
6.6200002049e+01	4.1769217396e+00	
6.6300256272e+01	4.2540607500e+00	
6.6400043650e+01	5.4452419813e+00	
6.6500491239e+01	6.8507393794e+00	
6.6600424089e+01	7.0466769564e+00	
6.6700060275e+01	5.5413545908e+00	
6.6800007494e+01	7.1900018147e+00	
6.6900184218e+01	8.5598779794e+00	
6.7000114769e+01	6.4092332542e+00	
6.7100222123e+01	7.1455887616e+00	
6.7200111695e+01	1.0438741452e+01	
6.7300422830e+01	6.8509751246e+00	
6.7400082041e+01	7.9745368154e+00	
6.7500348634e+01	9.9662777390e+00	
6.7600137646e+01	9.6834862113e+00	
6.7700435033e+01	1.0331773934e+01	
6.7800284723e+01	6.6960372962e+00	
6.7900019425e+01	6.6315489864e+00	
6.8000125337e+01	5.9559695795e+00	
6.8100251825e+01	5.6431033503e+00	
6.8200249445e+01	4.5291730583e+00	
6.8300150075e+01	4.1223498691e+00	
6.8400466158e+01	3.8043396627e+00	
6.8500533537e+01	4.8027524068e+00	
6.8600042384e+01	5.3313242390e+00	
6.8700398310e+01	4.9379540736e+00	
6.8800084559e+01	5.9918640816e+00	
6.8900215780e+01	8.3744654115e+00	
6.9000332822e+01	7.2728337613e+00	
6.9100415893e+01	7.5465226538e+00	
6.9200503443e+01	8.1873356385e+00	
6.9300545630e+01	5.5714304425e+00	
6.9400021255e+01	6.8885387623e+00	
6.9500066940e+01	8.0179017364e+00	
6.9600216597e+01	7.5239775700e+00	
6.9700245650e+01	4.0077450503e+00	
6.9800161277e+01	5.3739748852e+00	
6.9900521691e+01	4.9737575770e+00	
7.0000531611e+01	4.4512837046e+00	
7.0100151691e+01	5.3066359965e+00	
7.0200007389e+01	5.1673330578e+00	
7.0300360226e+01	5.3664969230e+00	
7.0400274330e+01	5.5833880747e+00	
7.0500328032e+01	4.9332634854e+00	
7.0600324732e+01	6.4790240865e+00	
7.0700457942e+01	5.9811071195e+00	
7.0800177920e+01	6.3286448971e+00	
7.0900268021e+01	6.0360912733e+00	
7.1000458779e+01	6.5822244651e+00	
7.1100010442e+01	5.4475945996e+00	
7.1200071916e+01	6.5910528682e+00	
7.1300125531e+01	7.9298620357e+00	
7.1400279931e+01	8.8675920805e+00	
7.1500395302e+01	7.3948938733e+00	
7.1600405642e+01	6.0914690618e+00	
7.1700487782e+01	6.2278118262e+00	
7.1800375568e+01	6.4394284687e+00	
7.1900114311e+01	6.7279868908e+00	
7.2000459034e+01	6.5725480315e+00	
7.2100410602e+01	6.8468562565e+00	
7.2200238430e+01	7.0138964284e+00	
7.2300143128e+01	5.7126375933e+00	
7.2400366870e+01	5.5941495951e+00	
7.2500085904e+01	4.8449131344e+00	
7.2600051241e+01	4.0346050614e+00	
7.2700416479e+01	4.1367803595e+00	
7.2800319923e+01	4.1740746728e+00	
7.2900045286e+01	4.3729791636e+00	
7.3000421036e+01	6.3057286722e+00	
7.3100301977e+01	8.6196860082e+00	
7.3200310457e+01	5.3493503937e+00	
7.3300526586e+01	6.3876356456e+00	
7.3400245119e+01	6.8102972689e+00	
7.3500143381e+01	5.5893999324e+00	
7.3600475534e+01	8.0083804451e+00	
7.3700246290e+01	9.5477695352e+00	
7.3800406762e+01	9.8165011054e+00	
7.3900432506e+01	1.0063085118e+01	
7.4000301503e+01	9.7121068005e+00	
7.4100534449e+01	8.0747995873e+00	
7.4200415323e+01	6.2755829851e+00	
7.4300090312e+01	7.4774171087e+00	
7.4400104963e+01	6.3937762646e+00	
7.4500086476e+01	8.0521358209e+00	
7.4600258569e+01	5.7740503541e+00	
7.4700139246e+01	5.1247696488e+00	
7.4800195307e+01	6.6195127315e+00	
7.4900050463e+01	7.7991444793e+00	
7.5000144369e+01	7.9329804931e+00	
7.5100512739e+01	8.0730870020e+00	
7.5200032582e+01	8.5298464744e+00	
7.5300286108e+01	1.0427615272e+01	
7.5400312438e+01	7.9230024120e+00	
7.5500516462e+01	8.6123002597e+00	
7.5600338822e+01	8.3532007709e+00	
7.5700308534e+01	7.3363155107e+00	
7.5800292825e+01	6.2319497870e+00	
7.5900257435e+01	5.1574239376e+00	
7.6000488717e+01	5.2276211481e+00	
7.6100498532e+01	6.0148359865e+00	
7.6200157956e+01	6.5012499678e+00	
7.6300203069e+01	4.8931383337e+00	
7.6400337185e+01	5.5034028500e+00	
7.6500204732e+01	6.5734275480e+00	
7.6600349214e+01	5.1126605086e+00	
7.6700059639e+01	4.6354578798e+00	
7.6800108845e+01	6.5300706284e+00	
7.6900181552e+01	7.9128401199e+00	
7.7000299155e+01	1.0139469354e+01	
7.7100466891e+01	8.3042607176e+00	
7.7200288748e+01	6.9484709477e+00	
7.7300352923e+01	6.9211212816e+00	
7.7400276911e+01	6.7173676920e+00	
7.7500172602e+01	7.0692112420e+00	
7.7600188718e+01	5.6284171390e+00	
7.7700507616e+01	6.6076968082e+00	
7.7800023317e+01	7.8146626719e+00	
7.7900378364e+01	8.0976468453e+00	
7.8000039796e+01	5.3640338826e+00	
7.8100224995e+01	4.8572132468e+00	
7.8200213588e+01	5.4831901454e+00	
7.8300188908e+01	6.3820516272e+00	
7.8400474832e+01	5.6853101573e+00	
7.8500455872e+01	7.6479692431e+00	
7.8600078294e+01	5.7525200654e+00	
7.8700272789e+01	5.8685190319e+00	
7.8800461727e+01	6.5613154287e+00	
7.8900529653e+01	6.9297971348e+00	
7.9000496733e+01	6.5032605992e+00	
7.9100008156e+01	7.5578238541e+00	
7.9200510886e+01	8.4703226498e+00	
7.9300140927e+01	6.2923367715e+00	
7.9400503545e+01	8.2204728361e+00	
7.9500179740e+01	7.6780208556e+00	
7.9600310015e+01	6.3602356510e+00	
7.9700202831e+01	6.3065569812e+00	
7.9800171183e+01	5.2540723075e+00	
7.9900015148e+01	6.3016451349e+00	
8.0000362038e+01	6.6351580860e+00	
8.0100354907e+01	6.5979504455e+00	
8.0200481958e+01	8.5527701436e+00	
8.0300262185e+01	6.4172617402e+00	
8.0400213152e+01	5.8707768303e+00	
8.0500512752e+01	6.6022415218e+00	
8.0600551171e+01	7.9273385099e+00	
8.0700383595e+01	8.0476834390e+00	
8.0800449734e+01	1.0660456776e+01	
8.0900471510e+01	1.1584484867e+01	
8.1000392046e+01	1.0914711281e+01	
8.1100050245e+01	9.3598518807e+00	
8.1200437082e+01	8.6888857108e+00	
8.1300358232e+01	1.0573891545e+01	
8.1400521449e+01	1.0262598403e+01	
8.1500258414e+01	9.5523517177e+00	
8.1600338582e+01	9.0099163609e+00	
8.1700293309e+01	7.7192046146e+00	
8.1800089093e+01	5.9710719665e+00	
8.1900375911e+01	8.3003454007e+00	
8.2000078477e+01	1.0062963515e+01	
8.2100077300e+01	1.7758425420e+01	
8.2200257036e+01	1.1012494153e+01	
8.2300136350e+01	8.8199802654e+00	
8.2400066344e+01	8.7352997010e+00	
8.2500109568e+01	8.9579004332e+00	
8.2600472056e+01	1.0956513002e+01	
8.2700236399e+01	1.5321035226e+01	
8.2800184556e+01	1.4628978153e+01	
8.2900153946e+01	9.2249725700e+00	
8.3000288150e+01	1.0450543658e+01	
8.3100362045e+01	7.7255767406e+00	
8.3200529408e+01	6.9508670897e+00	
8.3300194392e+01	7.8829666119e+00	
8.3400177142e+01	7.7431114135e+00	
8.3500453085e+01	7.4656314530e+00	
8.3600063968e+01	7.0913546208e+00	
8.3700126557e+01	6.9085048130e+00	
8.3800094003e+01	7.5149281468e+00	
8.3900421439e+01	8.7547694953e+00	
8.4000022994e+01	6.1624892545e+00	
8.4100388916e+01	5.9230158664e+00	
8.4200379937e+01	8.0078499641e+00	
8.4300467805e+01	1.2938269888e+01	
8.4400545827e+01	1.4039496751e+01	
8.4500390179e+01	9.7007760102e+00	
8.4600397423e+01	8.7427123173e+00	
8.4700178934e+01	8.2981051783e+00	
8.4800295908e+01	8.3974272258e+00	
8.4900415545e+01	7.4893513278e+00	
8.5000024931e+01	1.0067805375e+01	
8.5100063276e+01	1.8750688710e+01	
8.5200209539e+01	1.4149465233e+01	
8.5300072596e+01	1.1294646692e+01	
8.5400060164e+01	1.1638652420e+01	
8.5500393194e+01	1.1918164206e+01	
8.5600075600e+01	8.7613965511e+00	
8.5700327154e+01	7.3976225636e+00	
8.5800363099e+01	1.8484677187e+01	
8.5900404194e+01	1.7608408411e+01	
8.6000382564e+01	2.1363246034e+01	
8.6100218172e+01	1.8643701296e+01	
8.6200304377e+01	1.2048989590e+01	
8.6300295711e+01	1.3193158916e+01	
8.6400334845e+01	1.5156182132e+01	
8.6500214017e+01	1.1483344974e+01	
8.6600244712e+01	1.1634989006e+01	
8.6700292524e+01	1.2346390648e+01	
8.6800141215e+01	1.4410669405e+01	
8.6900140840e+01	1.5218155404e+01	
8.7000494654e+01	1.6450954624e+01	
8.7100054713e+01	1.2886277299e+01	
8.7200273150e+01	1.0453133197e+01	
8.7300046350e+01	1.1218371851e+01	
8.7400172076e+01	1.2053501359e+01	
8.7500237035e+01	9.7347324559e+00	
8.7600300612e+01	7.1343141209e+00	
8.7700037546e+01	8.7442585274e+00	
8.7800083479e+01	8.1679021809e+00	
8.7900248337e+01	6.8778156908e+00	
8.8000484948e+01	5.5568784485e+00	
8.8100372862e+01	4.6802529374e+00	
8.8200148403e+01	6.3664348760e+00	
8.8300461772e+01	6.0439570157e+00	
8.8400330975e+01	7.0731100573e+00	
8.8500064287e+01	8.7303606314e+00	
8.8600029279e+01	8.7561531517e+00	
8.8700520876e+01	5.9062804232e+00	
8.8800177309e+01	5.7642150238e+00	
8.8900029458e+01	5.8053057562e+00	
8.9000293747e+01	4.7764705334e+00	
8.9100485549e+01	6.4067304107e+00	
8.9200356802e+01	6.3834805022e+00	
8.9300042273e+01	1.1131820467e+01	
8.9400328572e+01	7.2965288008e+00	
8.9500427963e+01	6.5328864078e+00	
8.9600118614e+01	6.4295430629e+00	
8.9700217627e+01	7.4709516669e+00	
8.9800119908e+01	8.5435042078e+00	
8.9900333898e+01	7.8626013564e+00	
9.0000404216e+01	7.7306670311e+00	
9.0100169029e+01	8.6061382811e+00	
9.0200495933e+01	8.5790996957e+00	
9.0300517337e+01	1.0489579040e+01	
9.0400102231e+01	1.1339289636e+01	
9.0500461197e+01	1.4507926299e+01	
9.0600003315e+01	1.5206699568e+01	
9.0700554184e+01	1.3940279884e+01	
9.0800012442e+01	1.4104632075e+01	
9.0900321152e+01	1.2350779145e+01	
9.1000292476e+01	1.2503436270e+01	
9.1100313582e+01	1.2507178385e+01	
9.1200495882e+01	1.3497582407e+01	
9.1300112925e+01	1.3270886114e+01	
9.1400410758e+01	9.3076104269e+00	
9.1500455732e+01	1.0507437466e+01	
9.1600286923e+01	9.3920127495e+00	
9.1700485764e+01	1.0522137696e+01	
9.1800364136e+01	1.3437716801e+01	
9.1900090984e+01	1.3030434439e+01	
9.2000365326e+01	1.7838783517e+01	
9.2100484343e+01	9.9410307068e+00	
9.2200268411e+01	1.0975225067e+01	
9.2300038387e+01	9.2826768411e+00	
9.2400207203e+01	9.1088149349e+00	
9.2500340299e+01	1.4465204148e+01	
9.2600398196e+01	1.1699172607e+01	
9.2700402191e+01	6.6133011884e+00	
9.2800348529e+01	7.8140540316e+00	
9.2900392029e+01	8.5839260529e+00	
9.3000343173e+01	9.4289781966e+00	
9.3100218250e+01	8.4127538665e+00	
9.3200259449e+01	6.2786411533e+00	
9.3300035715e+01	6.3385543266e+00	
9.3400443481e+01	5.6412291297e+00	
9.3500155351e+01	8.1606885748e+00	
9.3600248983e+01	7.1665139766e+00	
9.3700203648e+01	7.9228520012e+00	
9.3800159581e+01	7.8319738394e+00	
9.3900535536e+01	7.9883249057e+00	
9.4000074148e+01	6.9325270924e+00	
9.4100288545e+01	6.4440388857e+00	
9.4200317100e+01	5.9067021253e+00	
9.4300029359e+01	7.5211760956e+00	
9.4400053646e+01	8.6204322296e+00	
9.4500450285e+01	8.8695572108e+00	
9.4600485095e+01	8.5356653648e+00	
9.4700103109e+01	9.2617015685e+00	
9.4800371798e+01	7.0200017388e+00	
9.4900289787e+01	6.3313456653e+00	
9.5000229125e+01	9.5011546265e+00	
9.5100110686e+01	7.9724782693e+00	
9.5200040541e+01	7.2369928919e+00	
9.5300173174e+01	6.5779503727e+00	
9.5400070112e+01	9.0136762942e+00	
9.5500187050e+01	1.1365159977e+01	
9.5600092743e+01	1.1224289648e+01	
9.5700065877e+01	1.0565740590e+01	
9.5800439784e+01	9.5440551935e+00	
9.5900087016e+01	6.1211786231e+00	
9.6000029686e+01	6.7932806985e+00	
9.6100223081e+01	7.0573810748e+00	
9.6200337900e+01	7.5843078400e+00	
9.6300225034e+01	7.5841205005e+00	
9.6400302551e+01	7.3525766007e+00	
9.6500383987e+01	6.9149310028e+00	
9.6600254202e+01	7.1112519328e+00	
9.6700075052e+01	7.6133493289e+00	
9.6800214366e+01	8.2778434932e+00	
9.6900222557e+01	7.4602808953e+00	
9.7000249008e+01	6.5164741449e+00	
9.7100259548e+01	6.4438704976e+00	
9.7200222034e+01	7.4033908759e+00	
9.7300462669e+01	7.6875560082e+00	
9.7400173265e+01	8.2411525437e+00	
9.7500304163e+01	8.9252301104e+00	
9.7600224315e+01	8.4445968239e+00	
9.7700054788e+01	6.8269472354e+00	
9.7800174288e+01	5.9484663550e+00	
9.7900057881e+01	5.7504123876e+00	
9.8000504331e+01	6.8794627757e+00	
9.8100265281e+01	7.4728583574e+00	
9.8200155796e+01	7.4827930388e+00	
9.8300357668e+01	8.0145262280e+00	
9.8400386587e+01	1.1267308253e+01	
9.8500189919e+01	1.1243667622e+01	
9.8600099793e+01	9.8416230968e+00	
9.8700296249e+01	9.1434705783e+00	
9.8800097456e+01	1.2201372010e+01	
9.8900333917e+01	1.4279540851e+01	
9.9000492249e+01	1.1121985101e+01	
9.9100315606e+01	8.8817892187e+00	
9.9200317362e+01	9.0600862223e+00	
9.9300081269e+01	2.1757480945e+01	
9.9400066518e+01	2.5305545674e+01	
9.9500236419e+01	1.4794025083e+01	
9.9600318876e+01	1.2625565637e+01	
9.9700128761e+01	1.1115900665e+01	
9.9800538479e+01	9.6758891101e+00	
9.9900160304e+01	9.4263345656e+00	
1.0000020082e+02	8.4916208107e+00	
1.0010008814e+02	7.8052006048e+00	
1.0020040243e+02	8.4245437286e+00	
1.0030049315e+02	1.1787546917e+01	
1.0040023209e+02	1.1978321175e+01	
1.0050040937e+02	1.0652041567e+01	
1.0060021303e+02	8.6750694972e+00	
1.0070042318e+02	1.5039455021e+01	
1.0080020196e+02	1.4528203143e+01	
1.0090049911e+02	9.9834711563e+00	
1.0100007789e+02	1.3367328748e+01	
1.0110024210e+02	1.7826547370e+01	
1.0120047242e+02	1.5496389735e+01	
1.0130005227e+02	2.1593176100e+01	
1.0140028580e+02	2.2078114229e+01	
1.0150010768e+02	2.0543631308e+01	
1.0160029128e+02	1.8315055380e+01	
1.0170033332e+02	1.2737094749e+01	
1.0180024027e+02	1.1121404320e+01	
1.0190008871e+02	9.1315116779e+00	
1.0200001069e+02	9.5252498725e+00	
1.0210021863e+02	1.1332229092e+01	
1.0220016385e+02	1.1570313320e+01	
1.0230044000e+02	6.9993943068e+00	
1.0240034197e+02	6.0930113834e+00	
1.0250032176e+02	8.1271925853e+00	
1.0260047828e+02	8.9506082211e+00	
1.0270005895e+02	1.1168169285e+01	
1.0280028334e+02	8.3172455991e+00	
1.0290028787e+02	1.0002233895e+01	
1.0300047008e+02	1.1582632422e+01	
1.0310036126e+02	7.6520620599e+00	
1.0320047255e+02	8.0867117618e+00	
1.0330007498e+02	8.2693199773e+00	
1.0340035562e+02	7.2083587032e+00	
1.0350014099e+02	5.8263205452e+00	
1.0360037844e+02	5.5970595794e+00	
1.0370018017e+02	6.4241323994e+00	
1.0380050688e+02	7.7290288661e+00	
1.0390051461e+02	8.0373460210e+00	
1.0400005750e+02	7.9062398904e+00	
1.0410051848e+02	9.9074033410e+00	
1.0420024955e+02	1.1265645726e+01	
1.0430027958e+02	1.3227752089e+01	
1.0440008943e+02	1.4238447836e+01	
1.0450013155e+02	1.6522292060e+01	
1.0460040330e+02	9.3805481316e+00	
1.0470011330e+02	1.0943959384e+01	
1.0480016443e+02	9.0699355727e+00	
1.0490014305e+02	9.8693701777e+00	
1.0500010292e+02	1.0541928436e+01	
1.0510032400e+02	1.2509501665e+01	
1.0520022977e+02	1.1878202736e+01	
1.0530034944e+02	8.7903115035e+00	
1.0540026786e+02	6.1058879493e+00	
1.0550015577e+02	5.4970289588e+00	
1.0560015825e+02	5.5748357681e+00	
1.0570019576e+02	6.8929467075e+00	
1.0580032707e+02	7.3236968899e+00	
1.0590022937e+02	6.5961292854e+00	
1.0600042594e+02	6.4610450269e+00	
1.0610035202e+02	6.6135437880e+00	
1.0620029797e+02	8.0671735013e+00	
1.0630010280e+02	9.8478927260e+00	
1.0640003632e+02	8.5224818506e+00	
1.0650013492e+02	8.7947922551e+00	
1.0660017621e+02	9.7379510048e+00	
1.0670020055e+02	6.2646373763e+00	
1.0680029486e+02	5.3607603833e+00	
1.0690037340e+02	7.7433124112e+00	
1.0700038275e+02	9.0334915251e+00	
1.0710042990e+02	8.3746561779e+00	
1.0720026500e+02	8.8822276426e+00	
1.0730020773e+02	8.6376399470e+00	
1.0740025063e+02	1.0414893539e+01	
1.0750014707e+02	2.6947952267e+01	
1.0760003371e+02	2.7740756528e+01	
1.0770018501e+02	2.4511517554e+01	
1.0780011850e+02	1.4220220974e+01	
1.0790021336e+02	1.4049419591e+01	
1.0800047830e+02	1.5462556297e+01	
1.0810023550e+02	1.5285590303e+01	
1.0820041847e+02	1.4869384782e+01	
1.0830013694e+02	1.2028654005e+01	
1.0840021460e+02	1.0751938219e+01	
1.0850015512e+02	9.8917024961e+00	
1.0860007796e+02	1.0059614767e+01	
1.0870037241e+02	1.0415272557e+01	
1.0880044123e+02	1.0157728668e+01	
1.0890010988e+02	8.8337881505e+00	
1.0900048404e+02	8.1103991216e+00	
1.0910029414e+02	7.2503737400e+00	
1.0920015012e+02	7.3457036839e+00	
1.0930005837e+02	8.0894214058e+00	
1.0940040510e+02	8.4743287577e+00	
1.0950033996e+02	1.0830457561e+01	
1.0960047588e+02	9.6938907651e+00	
1.0970008144e+02	9.3748303562e+00	
1.0980036059e+02	8.6485020526e+00	
1.0990020375e+02	9.1522840984e+00	
1.1000017515e+02	7.9502915491e+00	
1.1010035797e+02	8.2431345811e+00	
1.1020045079e+02	8.3132436085e+00	
1.1030020371e+02	1.1311828045e+01	
1.1040013211e+02	9.9498527860e+00	
1.1050011306e+02	9.5630009465e+00	
1.1060022698e+02	1.1966331306e+01	
1.1070051513e+02	9.1200750528e+00	
1.1080002878e+02	9.8735527833e+00	
1.1090012264e+02	1.1587718601e+01	
1.1100018216e+02	1.1289211877e+01	
1.1110019278e+02	9.2077984530e+00	
1.1120005055e+02	5.7984445398e+00	
1.1130044404e+02	7.2522637425e+00	
1.1140049801e+02	7.0924474166e+00	
1.1150034498e+02	5.5864814645e+00	
1.1160033925e+02	5.8472930423e+00	
1.1170020150e+02	5.9282749831e+00	
1.1180015654e+02	6.2856107419e+00	
1.1190000331e+02	6.1952932182e+00	
1.1200046932e+02	6.6149875292e+00	
1.1210037378e+02	6.1108093988e+00	
1.1220017383e+02	5.3226032434e+00	
1.1230002443e+02	4.8788129662e+00	
1.1240052554e+02	5.9876820474e+00	
1.1250031694e+02	6.0054679563e+00	
1.1260039003e+02	8.2558848832e+00	
1.1270031298e+02	1.0512043910e+01	
1.1280016479e+02	8.6547815596e+00	
1.1290034509e+02	7.1368582368e+00	
1.1300055919e+02	6.5409002680e+00	
1.1310052552e+02	1.1243251826e+01	
1.1320025545e+02	1.2531331810e+01	
1.1330020583e+02	9.9501336613e+00	
1.1340018819e+02	9.5476123406e+00	
1.1350052370e+02	9.7056167321e+00	
1.1360047170e+02	8.0873297953e+00	
1.1370007262e+02	1.0405646127e+01	
1.1380010266e+02	1.0093234716e+01	
1.1390031774e+02	1.2254007427e+01	
1.1400007676e+02	1.0440766260e+01	
1.1410018246e+02	6.5814046013e+00	
1.1420007712e+02	7.9124828340e+00	
1.1430029769e+02	6.9892611588e+00	
1.1440007913e+02	5.2853370738e+00	
1.1450054674e+02	6.9159070982e+00	
1.1460012173e+02	7.2237454897e+00	
1.1470025681e+02	6.9121000542e+00	
1.1480015803e+02	9.0704379034e+00	
1.1490027803e+02	7.6341831539e+00	
1.1500012918e+02	6.1833658701e+00	
1.1510018567e+02	5.5656260527e+00	
1.1520021811e+02	5.9283619104e+00	
1.1530048454e+02	6.3184277292e+00	
1.1540049186e+02	7.7701552255e+00	
1.1550016817e+02	6.9532233268e+00	
1.1560030497e+02	6.4517672661e+00	
1.1570048330e+02	6.3064808511e+00	
1.1580041672e+02	7.3479474946e+00	
1.1590020299e+02	7.1233176961e+00	
1.1600004530e+02	6.5779210661e+00	
1.1610023750e+02	5.7365872030e+00	
1.1620048026e+02	6.1970765501e+00	
1.1630007807e+02	4.9206300893e+00	
1.1640052385e+02	5.0411496192e+00	
1.1650004560e+02	5.1612399104e+00	
1.1660046824e+02	5.0825824571e+00	
1.1670009590e+02	4.8696977688e+00	
1.1680049043e+02	5.5250528458e+00	
1.1690051284e+02	5.6079331058e+00	
1.1700021074e+02	5.7728737312e+00	
1.1710011986e+02	5.7565623029e+00	
1.1720024032e+02	7.7302538613e+00	
1.1730037072e+02	7.3448597246e+00	
1.1740002277e+02	6.6092637101e+00	
1.1750034952e+02	7.4562560566e+00	
1.1760026442e+02	8.9581489803e+00	
1.1770025764e+02	8.6606282087e+00	
1.1780018706e+02	6.9503467694e+00	
1.1790012112e+02	7.2443419854e+00	
1.1800023363e+02	7.8378119249e+00	
1.1810017321e+02	7.5830475389e+00	
1.1820021730e+02	1.0229334235e+01	
1.1830023921e+02	9.8803679433e+00	
1.1840050788e+02	9.7737213000e+00	
1.1850013423e+02	1.1582120776e+01	
1.1860013152e+02	8.0919405076e+00	
1.1870036727e+02	6.7566564916e+00	
1.1880038383e+02	9.6437628460e+00	
1.1890013116e+02	1.0144969359e+01	
1.1900006671e+02	7.7655882801e+00	
1.1910022327e+02	8.5259456144e+00	
1.1920040318e+02	7.5635854278e+00	
1.1930010940e+02	5.8405209374e+00	
1.1940028099e+02	7.5375839459e+00	
1.1950014676e+02	8.2819691522e+00	
1.1960033297e+02	6.0742276923e+00	
1.1970011294e+02	5.0734069140e+00	
1.1980007748e+02	6.3166645125e+00	
1.1990004264e+02	8.1745458550e+00	
1.2000020764e+02	7.6879251110e+00	
1.2010035956e+02	7.6941720022e+00	
1.2020044816e+02	6.9601992990e+00	
1.2030030165e+02	9.1309504181e+00	
1.2040043031e+02	1.1426730441e+01	
1.2050019424e+02	9.5613318801e+00	
1.2060033521e+02	8.2249531264e+00	
1.2070026745e+02	1.0084850939e+01	
1.2080022351e+02	1.1304620571e+01	
1.2090016038e+02	7.6731858911e+00	
1.2100002344e+02	7.2209966253e+00	
1.2110023318e+02	6.5174253748e+00	
1.2120001195e+02	6.0289350991e+00	
1.2130048489e+02	6.5357327545e+00	
1.2140034217e+02	6.3820505390e+00	
1.2150021752e+02	6.0787367258e+00	
1.2160046953e+02	5.3014343120e+00	
1.2170006050e+02	7.4356867860e+00	
1.2180053425e+02	6.6766813585e+00	
1.2190040070e+02	1.0037050005e+01	
1.2200018331e+02	7.8141078045e+00	
1.2210042724e+02	6.6246913328e+00	
1.2220013597e+02	8.2299047356e+00	
1.2230058291e+02	1.1672944952e+01	
1.2240009267e+02	1.0153325667e+01	
1.2250013084e+02	9.7880891197e+00	
1.2260002298e+02	6.6146688309e+00	
1.2270053694e+02	6.2126294652e+00	
1.2280038828e+02	7.0611373891e+00	
1.2290052232e+02	6.5884818450e+00	
1.2300015983e+02	7.1088609342e+00	
1.2310011840e+02	1.0389370094e+01	
1.2320036163e+02	9.3360040008e+00	
1.2330002568e+02	5.4207996492e+00	
1.2340046919e+02	5.7574341561e+00	
1.2350019098e+02	6.6707928379e+00	
1.2360046195e+02	7.8796661246e+00	
1.2370022295e+02	1.2329843213e+01	
1.2380023353e+02	9.9896937018e+00	
1.2390021094e+02	7.4425131147e+00	
1.2400001425e+02	7.0562990250e+00	
1.2410042236e+02	1.0117013576e+01	
1.2420011741e+02	1.0599263473e+01	
1.2430024245e+02	8.3965644263e+00	
1.2440020218e+02	5.7167353537e+00	
1.2450018249e+02	6.9090688661e+00	
1.2460040737e+02	6.0204198213e+00	
1.2470042167e+02	6.0318993360e+00	
1.2480044007e+02	6.0132023879e+00	
1.2490023298e+02	7.6368579113e+00	
1.2500008871e+02	1.0485498824e+01	
1.2510054740e+02	9.6162260005e+00	
1.2520047888e+02	6.0632491623e+00	
1.2530028292e+02	5.5809654167e+00	
1.2540030854e+02	7.3705879316e+00	
1.2550023618e+02	8.9407627335e+00	
1.2560053807e+02	8.2650292225e+00	
1.2570005934e+02	1.2652978231e+01	
1.2580022315e+02	1.0975472334e+01	
1.2590020709e+02	1.0592965187e+01	
1.2600043326e+02	8.3869657994e+00	
1.2610035144e+02	6.3374970929e+00	
1.2620034833e+02	7.1164746647e+00	
1.2630044892e+02	7.8125826490e+00	
1.2640022101e+02	6.8338400618e+00	
1.2650011840e+02	5.5434334588e+00	
1.2660046905e+02	5.7138162210e+00	
1.2670047676e+02	9.6082377878e+00	
1.2680036374e+02	8.6918019516e+00	
1.2690039772e+02	7.7684664797e+00	
1.2700032160e+02	8.7922299737e+00	
1.2710016358e+02	1.0040501696e+01	
1.2720001503e+02	1.0771099403e+01	
1.2730032591e+02	1.0964444521e+01	
1.2740020716e+02	1.0057918319e+01	
1.2750015325e+02	8.8885374828e+00	
1.2760038585e+02	8.5488192215e+00	
1.2770039481e+02	1.6678627446e+01	
1.2780034816e+02	1.7467226224e+01	
1.2790052306e+02	1.5711925832e+01	
1.2800026814e+02	1.5687216532e+01	
1.2810026354e+02	1.5240832163e+01	
1.2820033006e+02	2.8632397924e+01	
1.2830016809e+02	2.3290605931e+01	
1.2840041374e+02	1.6101157932e+01	
1.2850047917e+02	1.3781863652e+01	
1.2860019129e+02	1.2312650452e+01	
1.2870029257e+02	8.0249096481e+00	
1.2880011752e+02	7.6721749554e+00	
1.2890014495e+02	7.2831161799e+00	
1.2900005556e+02	5.6459095732e+00	
1.2910020518e+02	5.9205877754e+00	
1.2920009761e+02	5.5664766158e+00	
1.2930041884e+02	5.2614804654e+00	
1.2940052201e+02	5.2534008527e+00	
1.2950008215e+02	5.2083130815e+00	
1.2960010549e+02	4.9987576040e+00	
1.2970004263e+02	5.6514286106e+00	
1.2980026593e+02	5.3636517471e+00	
1.2990032881e+02	8.4080119233e+00	
1.3000036069e+02	7.4275334220e+00	
1.3010004133e+02	6.4092484075e+00	
1.3020021042e+02	5.4564544566e+00	
1.3030008948e+02	8.9972903351e+00	
1.3040021071e+02	9.1070220429e+00	
1.3050004663e+02	1.0118033675e+01	
1.3060026599e+02	1.3123900172e+01	
1.3070041334e+02	1.7921065747e+01	
1.3080042843e+02	1.7926020403e+01	
1.3090010715e+02	1.4528030777e+01	
1.3100022872e+02	1.1089329009e+01	
1.3110049468e+02	7.9139012863e+00	
1.3120036919e+02	6.3361756066e+00	
1.3130028615e+02	6.8933356306e+00	
1.3140051825e+02	7.9567720976e+00	
1.3150040207e+02	7.6258966552e+00	
1.3160041456e+02	6.1550651594e+00	
1.3170034210e+02	6.9161715135e+00	
1.3180029966e+02	7.7507515823e+00	
1.3190052637e+02	7.2416235953e+00	
1.3200014285e+02	7.3289984019e+00	
1.3210020731e+02	7.3089293484e+00	
1.3220006318e+02	5.2410984964e+00	
1.3230051444e+02	4.9540097938e+00	
1.3240047945e+02	4.2996894663e+00	
1.3250018755e+02	5.3215498640e+00	
1.3260026571e+02	7.5662471686e+00	
1.3270006520e+02	7.5685890378e+00	
1.3280029968e+02	1.3766183407e+01	
1.3290004699e+02	8.3448900543e+00	
1.3300000808e+02	8.7135318501e+00	
1.3310035614e+02	8.0297095460e+00	
1.3320018198e+02	7.9390889184e+00	
1.3330010020e+02	6.0598973555e+00	
1.3340050716e+02	4.8632791935e+00	
1.3350034974e+02	5.2467002555e+00	
1.3360022937e+02	6.4077270810e+00	
1.3370013922e+02	7.1879690082e+00	
1.3380035389e+02	7.1951481811e+00	
1.3390048125e+02	9.7903020847e+00	
1.3400036394e+02	6.8005138358e+00	
1.3410012912e+02	5.5471496836e+00	
1.3420013341e+02	5.5023593843e+00	
1.3430017338e+02	5.4284955557e+00	
1.3440042761e+02	5.3370768251e+00	
1.3450021596e+02	6.0466896057e+00	
1.3460034697e+02	6.7382712228e+00	
1.3470001389e+02	8.4626471807e+00	
1.3480051796e+02	7.7105301444e+00	
1.3490019899e+02	9.4142317216e+00	
1.3500045205e+02	1.5011522607e+01	
1.3510038495e+02	1.2150612664e+01	
1.3520007044e+02	1.4340857662e+01	
1.3530000348e+02	1.0904734402e+01	
1.3540052848e+02	9.3255409447e+00	
1.3550034609e+02	8.2788427201e+00	
1.3560052045e+02	7.8621790288e+00	
1.3570044031e+02	8.6744864131e+00	
1.3580040545e+02	1.1667755328e+01	
1.3590017193e+02	8.8911963760e+00	
1.3600021475e+02	8.7975937368e+00	
1.3610043732e+02	1.2379437089e+01	
1.3620003747e+02	1.1245022176e+01	
1.3630033517e+02	1.3158785581e+01	
1.3640039210e+02	7.3116145186e+00	
1.3650002443e+02	1.0406737847e+01	
1.3660046420e+02	9.3207803932e+00	
1.3670018055e+02	1.0245789612e+01	
1.3680002884e+02	1.5391658551e+01	
1.3690037959e+02	9.6020828166e+00	
1.3700026129e+02	8.7894823224e+00	
1.3710033449e+02	1.1285256362e+01	
1.3720005430e+02	1.2466587354e+01	
1.3730028903e+02	9.8639393060e+00	
1.3740012762e+02	9.3755353828e+00	
1.3750014269e+02	1.0592772485e+01	
1.3760054245e+02	9.5200190876e+00	
1.3770004010e+02	9.4640588299e+00	
1.3780009111e+02	1.0250914087e+01	
1.3790028570e+02	1.0049564186e+01	
1.3800027120e+02	8.4406262305e+00	
1.3810006978e+02	8.2997077583e+00	
1.3820020669e+02	9.2266430541e+00	
1.3830029797e+02	9.6628545088e+00	
1.3840008857e+02	6.2130466168e+00	
1.3850048941e+02	7.1001960502e+00	
1.3860001687e+02	7.2091441339e+00	
1.3870032740e+02	6.7445248016e+00	
1.3880035699e+02	6.7651233940e+00	
1.3890001217e+02	7.0785154170e+00	
1.3900002829e+02	9.2286031338e+00	
1.3910015401e+02	8.2732412336e+00	
1.3920002031e+02	7.7138948698e+00	
1.3930001859e+02	9.0343686476e+00	
1.3940028063e+02	7.3601969366e+00	
1.3950037656e+02	1.0972624077e+01	
1.3960036304e+02	1.1326094646e+01	
1.3970009262e+02	7.3868739173e+00	
1.3980035639e+02	8.9561735398e+00	
1.3990017855e+02	1.1523260452e+01	
1.4000010427e+02	1.0471759391e+01	
1.4010004605e+02	1.0993984322e+01	
1.4020031124e+02	1.3965983053e+01	
1.4030021903e+02	2.2571783623e+01	
1.4040033728e+02	1.9382118099e+01	
1.4050004934e+02	9.1947642538e+00	
1.4060008757e+02	7.5732738321e+00	
1.4070047001e+02	6.4815863899e+00	
1.4080043207e+02	5.9192007545e+00	
1.4090042093e+02	6.3190441105e+00	
1.4100057043e+02	6.2092976351e+00	
1.4110009919e+02	9.5298559726e+00	
1.4120009200e+02	1.1541268668e+01	
1.4130041356e+02	7.5418127635e+00	
1.4140044011e+02	7.2496779603e+00	
1.4150013049e+02	5.8380849632e+00	
1.4160023210e+02	6.1924523780e+00	
1.4170037109e+02	6.2019307677e+00	
1.4180015795e+02	6.7684977316e+00	
1.4190031328e+02	6.5292652473e+00	
1.4200035874e+02	6.0033221707e+00	
1.4210011794e+02	8.4124522594e+00	
1.4220005884e+02	8.7788631226e+00	
1.4230030114e+02	9.8428848273e+00	
1.4240046515e+02	8.0088858801e+00	
1.4250041027e+02	7.7926197177e+00	
1.4260022484e+02	6.9560130899e+00	
1.4270028941e+02	7.6637294206e+00	
1.4280030225e+02	7.2297388127e+00	
1.4290008696e+02	6.4368141385e+00	
1.4300003777e+02	8.0842050344e+00	
1.4310019376e+02	6.5049543918e+00	
1.4320001107e+02	6.1579248729e+00	
1.4330048411e+02	6.5303754185e+00	
1.4340022521e+02	8.0598063756e+00	
1.4350029421e+02	6.6225928898e+00	
1.4360008343e+02	6.9661876700e+00	
1.4370054157e+02	4.9305866995e+00	
1.4380024108e+02	5.7512421878e+00	
1.4390026188e+02	6.4978740307e+00	
1.4400055612e+02	1.1969046540e+01	
1.4410024814e+02	2.1704104944e+01	
1.4420013976e+02	1.1322880590e+01	
1.4430026877e+02	7.0134141121e+00	
1.4440042906e+02	4.9019323163e+00	
1.4450036112e+02	6.2185953701e+00	
1.4460026535e+02	1.1607764014e+01	
1.4470052732e+02	1.3151526626e+01	
1.4480023497e+02	7.7292997056e+00	
1.4490023672e+02	1.0287373408e+01	
1.4500027817e+02	1.1573247775e+01	
1.4510022578e+02	1.3726907007e+01	
1.4520025185e+02	1.5181087581e+01	
1.4530021514e+02	1.3872854963e+01	
1.4540046638e+02	1.1013696433e+01	
1.4550019131e+02	6.2866160825e+00	
1.4560048197e+02	7.0572205584e+00	
1.4570049928e+02	5.7965498775e+00	
1.4580049825e+02	5.9066076589e+00	
1.4590046649e+02	6.5011363940e+00	
1.4600032488e+02	6.2248659538e+00	
1.4610001508e+02	6.5708628300e+00	
1.4620048546e+02	8.3031403530e+00	
1.4630029777e+02	6.3122009802e+00	
1.4640004579e+02	5.6957609371e+00	
1.4650013932e+02	6.1095890831e+00	
1.4660002797e+02	6.4054366608e+00	
1.4670003462e+02	8.0324221771e+00	
1.4680025832e+02	1.2456346111e+01	
1.4690024257e+02	7.6837695978e+00	
1.4700011322e+02	6.1801732655e+00	
1.4710017979e+02	6.1028862432e+00	
1.4720040304e+02	6.0894851228e+00	
1.4730014535e+02	6.2191568653e+00	
1.4740019718e+02	6.3600580940e+00	
1.4750023713e+02	7.1595044338e+00	
1.4760012283e+02	6.5428867234e+00	
1.4770036088e+02	6.4020315684e+00	
1.4780000498e+02	4.5627818449e+00	
1.4790047277e+02	4.5515726747e+00	
1.4800027848e+02	4.9524214926e+00	
1.4810029999e+02	5.2323102910e+00	
1.4820012219e+02	5.7654797825e+00	
1.4830036588e+02	6.1030038242e+00	
1.4840034187e+02	6.9316284820e+00	
1.4850027334e+02	9.3906732433e+00	
1.4860027658e+02	8.8848999630e+00	
1.4870010986e+02	8.6154874564e+00	
1.4880022347e+02	8.4155408808e+00	
1.4890012229e+02	7.3488308589e+00	
1.4900014940e+02	6.1638013171e+00	
1.4910008051e+02	5.7621648396e+00	
1.4920013716e+02	5.2323969856e+00	
1.4930010515e+02	4.7323280389e+00	
1.4940002565e+02	5.8527281646e+00	
1.4950000379e+02	6.7633091206e+00	
1.4960007017e+02	6.5879663389e+00	
1.4970036182e+02	6.2573114222e+00	
1.4980004760e+02	6.7851524997e+00	
1.4990042921e+02	7.2457444736e+00	
1.5000021927e+02	8.0672150321e+00	
1.5010033354e+02	9.1661497887e+00	
1.5020035572e+02	7.7284611542e+00	
1.5030034376e+02	8.5694547139e+00	
1.5040024795e+02	1.5634304549e+01	
1.5050038881e+02	1.1216389184e+01	
1.5060026575e+02	8.1499297816e+00	
1.5070052185e+02	6.7454951797e+00	
1.5080000794e+02	9.7440098919e+00	
1.5090012210e+02	1.0143258183e+01	
1.5100023230e+02	7.3939668642e+00	
1.5110015621e+02	8.6929792951e+00	
1.5120024176e+02	9.0953518584e+00	
1.5130022409e+02	7.7455640253e+00	
1.5140053138e+02	5.2429793389e+00	
1.5150001682e+02	5.0009776898e+00	
1.5160041163e+02	4.7546701212e+00	
1.5170024877e+02	5.4681760277e+00	
1.5180005899e+02	4.9702991376e+00	
1.5190022661e+02	5.0944382121e+00	
1.5200007041e+02	7.9007992751e+00	
1.5210050611e+02	1.0358660977e+01	
1.5220035444e+02	1.5132108558e+01	
1.5230024133e+02	1.8078904588e+01	
1.5240015866e+02	2.1169879919e+01	
1.5250029863e+02	1.3202152567e+01	
1.5260043593e+02	1.8310941411e+01	
1.5270032180e+02	8.1505427559e+00	
1.5280033834e+02	6.0036470223e+00	
1.5290028217e+02	8.3219889197e+00	
1.5300040412e+02	1.4702726407e+01	
1.5310026998e+02	5.9615475373e+00	
1.5320040377e+02	6.8614264697e+00	
1.5330027342e+02	5.3888614126e+00	
1.5340049145e+02	5.1590854431e+00	
1.5350029882e+02	8.4054447597e+00	
1.5360031846e+02	6.7403978575e+00	
1.5370038372e+02	6.3328249802e+00	
1.5380055896e+02	9.5890135804e+00	
1.5390055476e+02	1.1152841420e+01	
1.5400011843e+02	9.7446599497e+00	
1.5410036377e+02	7.3328986296e+00	
1.5420050484e+02	6.6917522453e+00	
1.5430027320e+02	7.0003116215e+00	
1.5440038220e+02	5.5807872484e+00	
1.5450004933e+02	5.9281916156e+00	
1.5460009413e+02	6.4539170860e+00	
1.5470049647e+02	6.2104352037e+00	
1.5480045519e+02	6.4950457937e+00	
1.5490037606e+02	7.5542721000e+00	
1.5500024415e+02	9.2047060436e+00	
1.5510026608e+02	6.6871085547e+00	
1.5520050095e+02	9.1554077246e+00	
1.5530019995e+02	6.7789472881e+00	
1.5540017692e+02	5.8409583961e+00	
1.5550037918e+02	5.5658414864e+00	
1.5560044024e+02	5.7184250557e+00	
1.5570033550e+02	7.2170052066e+00	
1.5580003536e+02	6.4259078842e+00	
1.5590007103e+02	4.7883409575e+00	
1.5600042336e+02	8.5728801221e+00	
1.5610035804e+02	1.0869073140e+01	
1.5620033357e+02	1.1321943080e+01	
1.5630046346e+02	9.5418417448e+00	
1.5640055707e+02	9.9625952846e+00	
1.5650019026e+02	7.3372721143e+00	
1.5660025496e+02	8.3247700697e+00	
1.5670026508e+02	6.0808918424e+00	
1.5680038573e+02	6.1907977708e+00	
1.5690007490e+02	5.6150873335e+00	
1.5700011787e+02	5.7238615311e+00	
1.5710032832e+02	5.8359643256e+00	
1.5720006197e+02	7.9306333713e+00	
1.5730003985e+02	7.4286770708e+00	
1.5740025170e+02	9.8712283627e+00	
1.5750047940e+02	1.2574561286e+01	
1.5760004302e+02	1.1155933897e+01	
1.5770040022e+02	9.8866455881e+00	
1.5780036312e+02	7.4811237816e+00	
1.5790032579e+02	7.8629744943e+00	
1.5800029959e+02	7.7058930008e+00	
1.5810021122e+02	1.3241328108e+01	
1.5820027227e+02	1.6253350602e+01	
1.5830007787e+02	1.4681902084e+01	
1.5840009090e+02	1.1239843333e+01	
1.5850041716e+02	6.5352450560e+00	
1.5860038218e+02	5.7410102522e+00	
1.5870021535e+02	6.7861707831e+00	
1.5880022183e+02	9.2070330541e+00	
1.5890031252e+02	9.3817419339e+00	
1.5900008712e+02	7.9762785876e+00	
1.5910020501e+02	6.5999682231e+00	
1.5920012874e+02	8.4667664449e+00	
1.5930021467e+02	9.5184611481e+00	
1.5940030320e+02	8.5814432619e+00	
1.5950008948e+02	7.8040837551e+00	
1.5960003340e+02	6.5172024112e+00	
1.5970048609e+02	7.3336693253e+00	
1.5980041514e+02	8.0981785482e+00	
1.5990055132e+02	8.6182559179e+00	
1.6000018763e+02	8.3535065971e+00	
1.6010046361e+02	8.3009226790e+00	
1.6020055241e+02	8.1101639709e+00	
1.6030033224e+02	6.4903190929e+00	
1.6040041507e+02	4.9714706626e+00	
1.6050007240e+02	4.9830924616e+00	
1.6060039114e+02	5.0994151936e+00	
1.6070004780e+02	5.8674309021e+00	
1.6080014647e+02	6.9202206065e+00	
1.6090013398e+02	8.3380102785e+00	
1.6100037484e+02	8.5899639632e+00	
1.6110033022e+02	8.2424111331e+00	
1.6120036671e+02	9.0688138642e+00	
1.6130014910e+02	9.5792076591e+00	
1.6140019607e+02	8.6322329926e+00	
1.6150017124e+02	1.2411321641e+01	
1.6160007296e+02	9.2204755104e+00	
1.6170049620e+02	7.3956177056e+00	
1.6180044985e+02	8.0018416450e+00	
1.6190024526e+02	8.8441071784e+00	
1.6200037774e+02	9.0828574538e+00	
1.6210002820e+02	9.0047086717e+00	
1.6220019730e+02	7.4793223627e+00	
1.6230009434e+02	7.8631802131e+00	
1.6240020034e+02	9.2962747000e+00	
1.6250041814e+02	8.2797481993e+00	
1.6260024750e+02	6.8029909121e+00	
1.6270045313e+02	7.4666688299e+00	
1.6280019748e+02	9.5402313825e+00	
1.6290038345e+02	7.9085379099e+00	
1.6300049528e+02	6.7746649743e+00	
1.6310038120e+02	6.3513445809e+00	
1.6320049277e+02	8.1256645464e+00	
1.6330045720e+02	8.5732593534e+00	
1.6340026739e+02	6.8163464982e+00	
1.6350002616e+02	6.2045173124e+00	
1.6360007835e+02	6.3574660411e+00	
1.6370016545e+02	5.6517343580e+00	
1.6380023104e+02	5.9301925329e+00	
1.6390042331e+02	6.5296056055e+00	
1.6400049267e+02	7.7759399120e+00	
1.6410026920e+02	9.6769989589e+00	
1.6420008460e+02	1.1470302126e+01	
1.6430022825e+02	1.2580257185e+01	
1.6440000018e+02	1.0423167184e+01	
1.6450039290e+02	7.2100156440e+00	
1.6460021697e+02	6.7618165420e+00	
1.6470013145e+02	6.6242494915e+00	
1.6480021493e+02	7.0655160187e+00	
1.6490027418e+02	8.0543112566e+00	
1.6500039500e+02	8.3029838756e+00	
1.6510028283e+02	1.1740039822e+01	
1.6520012996e+02	7.7588575811e+00	
1.6530024435e+02	6.2669234960e+00	
1.6540020552e+02	6.3047645725e+00	
1.6550018063e+02	5.9298518830e+00	
1.6560009815e+02	8.0791154977e+00	
1.6570040671e+02	1.2167500257e+01	
1.6580042372e+02	1.1085279984e+01	
1.6590001331e+02	9.9927939545e+00	
1.6600051297e+02	8.4603061357e+00	
1.6610011692e+02	9.4158555967e+00	
1.6620000915e+02	9.4901903766e+00	
1.6630037594e+02	1.1172163075e+01	
1.6640026047e+02	9.5210344157e+00	
1.6650046231e+02	7.2259398625e+00	
1.6660041422e+02	7.2792314276e+00	
1.6670039038e+02	7.8362286035e+00	
1.6680049475e+02	7.0700240148e+00	
1.6690054121e+02	8.6819195938e+00	
1.6700003473e+02	8.4627863988e+00	
1.6710020253e+02	7.7385734706e+00	
1.6720002540e+02	9.2852825792e+00	
1.6730037018e+02	1.0107481154e+01	
1.6740017697e+02	9.6228500934e+00	
1.6750002239e+02	9.7967397236e+00	
1.6760045012e+02	1.5027078211e+01	
1.6770013264e+02	2.5496344890e+01	
1.6780046336e+02	1.2776028832e+01	
1.6790000529e+02	1.0389818722e+01	
1.6800029504e+02	9.9609880197e+00	
1.6810045890e+02	1.2791489123e+01	
1.6820022992e+02	9.3963365595e+00	
1.6830011113e+02	8.1881074241e+00	
1.6840011919e+02	6.7813940423e+00	
1.6850034890e+02	6.7915451247e+00	
1.6860005071e+02	8.0795643899e+00	
1.6870006448e+02	8.9549703576e+00	
1.6880009814e+02	7.1135877689e+00	
1.6890031589e+02	7.3135466834e+00	
1.6900038772e+02	8.2710874064e+00	
1.6910050608e+02	1.0441217245e+01	
1.6920040244e+02	8.4343967829e+00	
1.6930039444e+02	6.4584936905e+00	
1.6940031418e+02	1.0807670310e+01	
1.6950017110e+02	1.2415646471e+01	
1.6960029076e+02	8.1338813521e+00	
1.6970035484e+02	6.3836899391e+00	
1.6980022030e+02	5.4054755796e+00	
1.6990042621e+02	7.9667273925e+00	
1.7000020260e+02	6.8332047621e+00	
1.7010000034e+02	1.0898231830e+01	
1.7020030690e+02	9.1276135911e+00	
1.7030053019e+02	7.9005411540e+00	
1.7040023878e+02	7.1130755953e+00	
1.7050049616e+02	6.6058842537e+00	
1.7060017792e+02	7.7211032617e+00	
1.7070018683e+02	1.1336170525e+01	
1.7080019791e+02	1.2078793511e+01	
1.7090017043e+02	8.8601515220e+00	
1.7100005148e+02	1.0390222269e+01	
1.7110014824e+02	1.0638551111e+01	
1.7120043842e+02	6.8331750489e+00	
1.7130012063e+02	8.9603374270e+00	
1.7140029446e+02	8.7870974684e+00	
1.7150001188e+02	7.0710758685e+00	
1.7160001641e+02	6.4205720349e+00	
1.7170036748e+02	6.1050246698e+00	
1.7180011035e+02	5.7880561038e+00	
1.7190029973e+02	7.2775419830e+00	
1.7200045999e+02	7.7669057364e+00	
1.7210038037e+02	7.4617365347e+00	
1.7220007783e+02	9.8591026977e+00	
1.7230038792e+02	8.9175381568e+00	
1.7240009838e+02	7.8896391816e+00	
1.7250029206e+02	7.6453309620e+00	
1.7260004909e+02	6.1093709229e+00	
1.7270007292e+02	6.1639428118e+00	
1.7280056500e+02	5.7326280280e+00	
1.7290020453e+02	6.7332580202e+00	
1.7300035030e+02	7.6214314844e+00	
1.7310050049e+02	7.8868673619e+00	
1.7320050516e+02	6.8837539066e+00	
1.7330014664e+02	7.2944402667e+00	
1.7340007442e+02	6.6771968559e+00	
1.7350013819e+02	6.4600607200e+00	
1.7360029586e+02	5.8710048610e+00	
1.7370001952e+02	6.2059399363e+00	
1.7380005594e+02	7.2569722737e+00	
1.7390019281e+02	8.6843937597e+00	
1.7400007319e+02	1.0837047279e+01	
1.7410016061e+02	9.2721400687e+00	
1.7420039535e+02	9.4647432198e+00	
1.7430024907e+02	5.7846178803e+00	
1.7440003513e+02	4.4318935903e+00	
1.7450040697e+02	4.2611605238e+00	
1.7460000170e+02	6.3615342605e+00	
1.7470024845e+02	8.1074629939e+00	
1.7480007697e+02	8.6954030311e+00	
1.7490049924e+02	8.0788084902e+00	
1.7500021036e+02	4.9069235132e+00	
1.7510006884e+02	4.2831540274e+00	
1.7520026405e+02	4.4783051683e+00	
1.7530034785e+02	5.5850229300e+00	
1.7540041853e+02	6.9189557903e+00	
1.7550014558e+02	6.5144345052e+00	
1.7560030304e+02	7.7350153900e+00	
1.7570018416e+02	7.8031273340e+00	
1.7580045942e+02	7.4880839945e+00	
1.7590016801e+02	7.4539302623e+00	
1.7600021113e+02	9.3344326981e+00	
1.7610052114e+02	6.4652357664e+00	
1.7620043914e+02	7.8296078064e+00	
1.7630000877e+02	7.5291188189e+00	
1.7640039143e+02	1.0121699320e+01	
1.7650001238e+02	1.0130510226e+01	
1.7660006509e+02	8.9484452085e+00	
1.7670042810e+02	8.8929887879e+00	
1.7680028383e+02	1.4090951131e+01	
1.7690003708e+02	1.1892622761e+01	
1.7700003103e+02	1.0982558018e+01	
1.7710049733e+02	6.7285329713e+00	
1.7720052068e+02	7.0855840650e+00	
1.7730016413e+02	9.0321230858e+00	
1.7740008637e+02	6.2758032787e+00	
1.7750018340e+02	9.7082835774e+00	
1.7760003157e+02	8.6260098893e+00	
1.7770028021e+02	7.8301033822e+00	
1.7780026937e+02	7.5155855993e+00	
1.7790007767e+02	7.2260802027e+00	
1.7800018972e+02	5.3977336512e+00	
1.7810026989e+02	7.0228593120e+00	
1.7820043288e+02	8.4150471178e+00	
1.7830020340e+02	7.5586700994e+00	
1.7840016166e+02	8.4778643386e+00	
1.7850030505e+02	1.1931668954e+01	
1.7860052030e+02	1.3728931969e+01	
1.7870043112e+02	8.8767268870e+00	
1.7880039302e+02	8.1052777583e+00	
1.7890018758e+02	8.3381200822e+00	
1.7900019569e+02	6.6738517269e+00	
1.7910005597e+02	7.1793150963e+00	
1.7920037926e+02	7.8171205098e+00	
1.7930001592e+02	6.4986269316e+00	
1.7940029529e+02	4.9302751709e+00	
1.7950039559e+02	4.8849625750e+00	
1.7960039729e+02	5.1802411501e+00	
1.7970051397e+02	4.7849113857e+00	
1.7980005324e+02	4.8786194482e+00	
1.7990012396e+02	5.3511410243e+00	
1.8000021148e+02	5.7784473506e+00	
1.8010009253e+02	5.2542291460e+00	
1.8020018637e+02	7.1024176217e+00	
1.8030034441e+02	8.9848063396e+00	
1.8040008043e+02	9.2402908324e+00	
1.8050015186e+02	6.6528269960e+00	
1.8060000700e+02	9.0272814729e+00	
1.8070037437e+02	8.7955998237e+00	
1.8080024769e+02	9.1463934808e+00	
1.8090001383e+02	8.3734796469e+00	
1.8100013253e+02	7.2807989660e+00	
1.8110026255e+02	6.0675433792e+00	
1.8120047514e+02	7.6252694451e+00	
1.8130036186e+02	8.0122407792e+00	
1.8140029661e+02	8.3101590626e+00	
1.8150004367e+02	7.4510212783e+00	
1.8160029909e+02	5.8814409433e+00	
1.8170010646e+02	6.2076649278e+00	
1.8180053490e+02	7.2326301388e+00	
1.8190027731e+02	7.8107628939e+00	
1.8200020178e+02	6.4201626974e+00	
1.8210010378e+02	5.7287827977e+00	
1.8220023347e+02	6.0561741593e+00	
1.8230006062e+02	5.2432285159e+00	
1.8240055301e+02	5.7591163671e+00	
1.8250013406e+02	5.4670708946e+00	
1.8260047145e+02	6.8812751357e+00	
1.8270022624e+02	9.1978969308e+00	
1.8280034802e+02	1.0360478702e+01	
1.8290032943e+02	1.1252052758e+01	
1.8300045464e+02	1.4241833112e+01	
1.8310027700e+02	1.5042484075e+01	
1.8320006194e+02	8.8178163986e+00	
1.8330045213e+02	8.1253618753e+00	
1.8340047987e+02	8.0777269391e+00	
1.8350022772e+02	1.0890108952e+01	
1.8360018698e+02	1.9022489445e+01	
1.8370035706e+02	2.1993195924e+01	
1.8380016860e+02	1.7541424809e+01	
1.8390014449e+02	9.6939959876e+00	
1.8400029461e+02	7.4864515508e+00	
1.8410013411e+02	6.6978217920e+00	
1.8420036725e+02	9.0225636537e+00	
1.8430027224e+02	8.9978743844e+00	
1.8440002502e+02	6.7428202995e+00	
1.8450014567e+02	7.2184529619e+00	
1.8460007744e+02	7.4538935222e+00	
1.8470039761e+02	7.6917074631e+00	
1.8480035176e+02	7.2546574545e+00	
1.8490002243e+02	6.8071183705e+00	
1.8500037924e+02	7.4280590550e+00	
1.8510038612e+02	7.0664244308e+00	
1.8520044264e+02	7.0170834045e+00	
1.8530040603e+02	1.8869708831e+01	
1.8540045819e+02	2.3114597973e+01	
1.8550000154e+02	2.0231372059e+01	
1.8560013195e+02	9.2405282280e+00	
1.8570005421e+02	9.0185761796e+00	
1.8580044202e+02	5.1183347965e+00	
1.8590019715e+02	4.5674726962e+00	
1.8600047666e+02	4.1521845118e+00	
1.8610014177e+02	5.1086244242e+00	
1.8620006265e+02	6.1498320828e+00	
1.8630043081e+02	6.6062130793e+00	
1.8640039343e+02	6.0736138493e+00	
1.8650022925e+02	6.3274673462e+00	
1.8660032286e+02	5.6661088599e+00	
1.8670029746e+02	6.4171474584e+00	
1.8680046394e+02	7.7522162056e+00	
1.8690026850e+02	8.0848432433e+00	
1.8700044591e+02	7.2830988408e+00	
1.8710044593e+02	5.5812092097e+00	
1.8720043358e+02	5.3992027662e+00	
1.8730023643e+02	5.6808378414e+00	
1.8740020465e+02	5.8488971784e+00	
1.8750011118e+02	6.4825837320e+00	
1.8760008479e+02	6.4953169029e+00	
1.8770028630e+02	7.2429709623e+00	
1.8780043042e+02	5.5317666266e+00	
1.8790046927e+02	5.7548558769e+00	
1.8800048909e+02	6.1530369734e+00	
1.8810026286e+02	4.6977157231e+00	
1.8820053556e+02	6.5150538519e+00	
1.8830001795e+02	8.1499666821e+00	
1.8840019987e+02	5.3533732621e+00	
1.8850043262e+02	6.4789102456e+00	
1.8860014643e+02	7.1466729452e+00	
1.8870011147e+02	6.5620352250e+00	
1.8880023765e+02	5.2571700698e+00	
1.8890025036e+02	5.4229096570e+00	
1.8900005816e+02	5.5678054919e+00	
1.8910017813e+02	5.3687001242e+00	
1.8920012007e+02	4.3096023102e+00	
1.8930005040e+02	7.1097662651e+00	
1.8940041010e+02	5.3087132789e+00	
1.8950026676e+02	5.2875662018e+00	
1.8960018691e+02	5.0588238912e+00	
1.8970020322e+02	5.5250639339e+00	
1.8980028853e+02	6.8591856949e+00	
1.8990000028e+02	7.5357628906e+00	
1.9000013269e+02	8.1628505720e+00	
1.9010051163e+02	8.1687501035e+00	
1.9020025098e+02	8.2365740858e+00	
1.9030050487e+02	8.7270243980e+00	
1.9040024152e+02	7.2633550262e+00	
1.9050039215e+02	5.9038098560e+00	
1.9060001406e+02	5.4247411982e+00	
1.9070027922e+02	5.7274311663e+00	
1.9080002744e+02	5.4167026085e+00	
1.9090028703e+02	6.8016570789e+00	
1.9100041069e+02	5.0924399254e+00	
1.9110018493e+02	5.1007504499e+00	
1.9120044611e+02	4.3607916394e+00	
1.9130024315e+02	6.2035918961e+00	
1.9140043965e+02	5.0889825919e+00	
1.9150028489e+02	5.5359373127e+00	
1.9160035672e+02	4.7813603196e+00	
1.9170031053e+02	6.9583411375e+00	
1.9180005002e+02	6.3333347466e+00	
1.9190037625e+02	5.2993745856e+00	
1.9200053841e+02	4.9294679465e+00	
1.9210002032e+02	4.6708154509e+00	
1.9220042054e+02	6.0056221547e+00	
1.9230020296e+02	7.1406315235e+00	
1.9240015276e+02	7.7696963771e+00	
1.9250015420e+02	8.0463635714e+00	
1.9260049081e+02	7.2126129791e+00	
1.9270016807e+02	5.6624836441e+00	
1.9280045029e+02	5.0540254617e+00	
1.9290025395e+02	8.6309177052e+00	
1.9300018259e+02	1.0477412812e+01	
1.9310002816e+02	1.0878332664e+01	
1.9320025911e+02	1.4147374250e+01	
1.9330007699e+02	8.2862366389e+00	
1.9340051232e+02	6.7899712871e+00	
1.9350011173e+02	5.5145890043e+00	
1.9360050693e+02	5.5864438403e+00	
1.9370017195e+02	5.8615756962e+00	
1.9380015074e+02	5.3684235266e+00	
1.9390008163e+02	4.9831952990e+00	
1.9400005110e+02	5.4716415862e+00	
1.9410023864e+02	6.8547450284e+00	
1.9420009845e+02	8.2564493646e+00	
1.9430048325e+02	8.2705155162e+00	
1.9440029921e+02	5.4744523095e+00	
1.9450023253e+02	5.7396064816e+00	
1.9460034294e+02	6.0447887294e+00	
1.9470050594e+02	4.9174808381e+00	
1.9480021555e+02	4.7460629553e+00	
1.9490050897e+02	8.5605820584e+00	
1.9500046913e+02	5.5213217769e+00	
1.9510010958e+02	5.4932038112e+00	
1.9520047958e+02	5.6092984121e+00	
1.9530051313e+02	5.0403536230e+00	
1.9540049062e+02	5.7958449920e+00	
1.9550039941e+02	6.0306876165e+00	
1.9560012481e+02	5.9681550437e+00	
1.9570027066e+02	5.6363759704e+00	
1.9580002395e+02	7.1606792760e+00	
1.9590013963e+02	1.1039124693e+01	
1.9600009659e+02	1.4466163394e+01	
1.9610036222e+02	1.7772561135e+01	
1.9620039057e+02	2.0096649536e+01	
1.9630037303e+02	1.5963952465e+01	
1.9640024773e+02	1.7079856501e+01	
1.9650014339e+02	1.6875478193e+01	
1.9660022013e+02	1.5674165120e+01	
1.9670027531e+02	1.3095524176e+01	
1.9680036889e+02	7.4213072328e+00	
1.9690048832e+02	6.4789626695e+00	
1.9700018952e+02	4.7362837347e+00	
1.9710005709e+02	6.1836340658e+00	
1.9720043190e+02	6.4358580474e+00	
1.9730046628e+02	7.6334270576e+00	
1.9740012190e+02	7.0619582323e+00	
1.9750026486e+02	5.0782946820e+00	
1.9760020970e+02	4.4468444919e+00	
1.9770032643e+02	4.0512145891e+00	
1.9780018002e+02	4.2857061933e+00	
1.9790036888e+02	5.1104724446e+00	
1.9800036511e+02	6.2377828071e+00	
1.9810000962e+02	6.9853287970e+00	
1.9820010072e+02	6.1801945938e+00	
1.9830048378e+02	4.7715717665e+00	
1.9840032515e+02	1.0648289616e+01	
1.9850000505e+02	1.1051957113e+01	
1.9860001070e+02	6.8005282636e+00	
1.9870032677e+02	8.4056668570e+00	
1.9880018797e+02	9.6092064613e+00	
1.9890008739e+02	1.0705871533e+01	
1.9900004244e+02	9.6950973216e+00	
1.9910032183e+02	9.6574804708e+00	
1.9920017521e+02	6.4548970897e+00	
1.9930019160e+02	8.5223885447e+00	
1.9940019203e+02	6.7490065682e+00	
1.9950025408e+02	6.1869896472e+00	
1.9960013869e+02	5.8508277606e+00	
1.9970041384e+02	6.9274411604e+00	
1.9980024964e+02	7.6206311209e+00	
1.9990049816e+02	6.4335914311e+00	
2.0000002157e+02	5.6739926248e+00	
2.0010034547e+02	6.6426906642e+00	
2.0020020946e+02	7.3933086406e+00	
2.0030032704e+02	5.6299217058e+00	
2.0040011750e+02	5.7334674266e+00	
2.0050049879e+02	5.5323862267e+00	
2.0060050428e+02	5.8182533206e+00	
2.0070021364e+02	6.0030773793e+00	
2.0080037643e+02	5.9613144751e+00	
2.0090041702e+02	7.0159902258e+00	
2.0100035749e+02	7.7998937701e+00	
2.0110057772e+02	6.4514241579e+00	
2.0120011893e+02	6.8945006422e+00	
2.0130049059e+02	9.7597688603e+00	
2.0140008612e+02	7.7303999192e+00	
2.0150051526e+02	6.7134980309e+00	
2.0160041449e+02	8.7601990138e+00	
2.0170045672e+02	1.0157551411e+01	
2.0180054717e+02	9.3225066573e+00	
2.0190004343e+02	7.6515950521e+00	
2.0200050418e+02	6.1394242269e+00	
2.0210034641e+02	9.5015548013e+00	
2.0220022744e+02	1.3088792419e+01	
2.0230041748e+02	7.8214558464e+00	
2.0240035372e+02	9.5681905243e+00	
2.0250007475e+02	1.0344044799e+01	
2.0260021148e+02	9.2013158397e+00	
2.0270007173e+02	6.3963806172e+00	
2.0280009327e+02	6.5907231482e+00	
2.0290045244e+02	7.4322514638e+00	
2.0300043616e+02	7.3270715037e+00	
2.0310013557e+02	6.2388404139e+00	
2.0320027541e+02	6.2131073435e+00	
2.0330006513e+02	6.9886102113e+00	
2.0340052199e+02	6.7742853907e+00	
2.0350023260e+02	5.9166005089e+00	
2.0360050759e+02	4.9118444944e+00	
2.0370026198e+02	5.5784082078e+00	
2.0380040991e+02	7.5001586132e+00	
2.0390026253e+02	6.1036374051e+00	
2.0400046587e+02	4.7204328259e+00	
2.0410000792e+02	4.6814485443e+00	
2.0420005193e+02	6.0137395496e+00	
2.0430035299e+02	7.2740835794e+00	
2.0440024435e+02	7.4343495026e+00	
2.0450011216e+02	6.6546085672e+00	
2.0460018304e+02	4.9672074430e+00	
2.0470045936e+02	6.7834257760e+00	
2.0480035840e+02	7.2020613611e+00	
2.0490022914e+02	1.3055432828e+01	
2.0500022746e+02	1.3168322432e+01	
2.0510047414e+02	9.5544438034e+00	
2.0520025308e+02	1.0810632091e+01	
2.0530049520e+02	1.4137800211e+01	
2.0540048927e+02	1.3641025814e+01	
2.0550022062e+02	1.0986748331e+01	
2.0560043113e+02	5.8436590767e+00	
2.0570023859e+02	6.2800523868e+00	
2.0580013331e+02	8.2516355644e+00	
2.0590020560e+02	6.1946331653e+00	
2.0600010967e+02	5.1600299782e+00	
2.0610038854e+02	5.0739689308e+00	
2.0620055126e+02	6.0061633554e+00	
2.0630018776e+02	5.7159161678e+00	
2.0640025973e+02	5.2379886878e+00	
2.0650016039e+02	5.5742614277e+00	
2.0660056470e+02	5.6416236021e+00	
2.0670013769e+02	5.8015220941e+00	
2.0680001709e+02	5.8170594094e+00	
2.0690049365e+02	5.6214302095e+00	
2.0700048842e+02	5.2798127948e+00	
2.0710014298e+02	6.4736789728e+00	
2.0720056556e+02	6.0411733710e+00	
2.0730014701e+02	7.5507860434e+00	
2.0740025645e+02	8.3592739907e+00	
2.0750057136e+02	9.3456397021e+00	
2.0760051464e+02	1.0496616147e+01	
2.0770049008e+02	7.9766688393e+00	
2.0780008462e+02	5.1791434378e+00	
2.0790040532e+02	5.8726997542e+00	
2.0800050431e+02	5.2814133975e+00	
2.0810048196e+02	4.2425278182e+00	
2.0820045979e+02	4.9665573757e+00	
2.0830015193e+02	7.8510231499e+00	
2.0840037448e+02	7.8160680784e+00	
2.0850019001e+02	9.0544736448e+00	
2.0860043797e+02	1.2048334716e+01	
2.0870016737e+02	1.0776516725e+01	
2.0880046568e+02	7.6963245257e+00	
2.0890018135e+02	6.6739578307e+00	
2.0900015025e+02	6.0367862182e+00	
2.0910027950e+02	5.6326270607e+00	
2.0920029910e+02	6.0508844264e+00	
2.0930037009e+02	6.1876295192e+00	
2.0940047903e+02	6.3681580495e+00	
2.0950022316e+02	6.7103535365e+00	
2.0960000786e+02	6.9176511912e+00	
2.0970015539e+02	5.1124754575e+00	
2.0980019124e+02	6.9695304168e+00	
2.0990053772e+02	8.6284739833e+00	
2.1000022324e+02	8.0245715425e+00	
2.1010027095e+02	7.7714901551e+00	
2.1020017873e+02	7.3671293037e+00	
2.1030016349e+02	6.2082318519e+00	
2.1040038017e+02	5.8417036648e+00	
2.1050054881e+02	5.7958969413e+00	
2.1060019779e+02	5.6645392364e+00	
2.1070053374e+02	4.3862425656e+00	
2.1080038330e+02	5.0050978797e+00	
2.1090040628e+02	4.9249864383e+00	
2.1100042845e+02	4.8317986329e+00	
2.1110048898e+02	5.0136901716e+00	
2.1120045146e+02	5.8656116627e+00	
2.1130048641e+02	8.6076308081e+00	
2.1140049135e+02	9.3796901633e+00	
2.1150035978e+02	6.1834330781e+00	
2.1160043806e+02	3.9768465827e+00	
2.1170000715e+02	4.3784874604e+00	
2.1180003246e+02	5.1074637930e+00	
2.1190019695e+02	5.3397038324e+00	
2.1200000912e+02	5.4734394038e+00	
2.1210017825e+02	4.8136639054e+00	
2.1220024221e+02	4.6345325061e+00	
2.1230039305e+02	4.6557686470e+00	
2.1240044070e+02	4.9119799322e+00	
2.1250048644e+02	5.7854062329e+00	
2.1260025543e+02	5.9671591741e+00	
2.1270013125e+02	5.6012916773e+00	
2.1280014164e+02	5.9468102606e+00	
2.1290032118e+02	6.0197422864e+00	
2.1300002674e+02	6.1133219641e+00	
2.1310027192e+02	6.0395054830e+00	
2.1320005254e+02	6.5257761046e+00	
2.1330001622e+02	6.0024637972e+00	
2.1340001698e+02	4.8245507136e+00	
2.1350022507e+02	5.1408527670e+00	
2.1360001465e+02	5.3321394295e+00	
2.1370038838e+02	5.5471404797e+00	
2.1380021259e+02	5.5675747854e+00	
2.1390031349e+02	6.1620268107e+00	
2.1400031693e+02	6.9386657146e+00	
2.1410036583e+02	1.0902208722e+01	
2.1420024456e+02	1.2261365082e+01	
2.1430032465e+02	1.3415108471e+01	
2.1440016759e+02	1.2558783378e+01	
2.1450004350e+02	1.0795814841e+01	
2.1460004946e+02	1.0896184311e+01	
2.1470021446e+02	1.0317722698e+01	
2.1480003366e+02	7.2915037178e+00	
2.1490031306e+02	1.0371391348e+01	
2.1500023723e+02	1.2045949140e+01	
2.1510008029e+02	1.3454605928e+01	
2.1520011867e+02	1.2664930636e+01	
2.1530022974e+02	8.8194523123e+00	
2.1540014139e+02	7.6936795621e+00	
2.1550000525e+02	8.3933436782e+00	
2.1560000876e+02	6.9732414230e+00	
2.1570010507e+02	5.7421091296e+00	
2.1580036628e+02	5.2208459484e+00	
2.1590053238e+02	5.2116495542e+00	
2.1600014273e+02	6.0444933405e+00	
2.1610011395e+02	5.2967355445e+00	
2.1620035222e+02	5.6818922748e+00	
2.1630015076e+02	7.2732915929e+00	
2.1640010143e+02	7.4094869010e+00	
2.1650025520e+02	6.1739911297e+00	
2.1660039989e+02	6.5042596627e+00	
2.1670004219e+02	6.8073086878e+00	
2.1680032027e+02	6.2069447806e+00	
2.1690038104e+02	7.1200969924e+00	
2.1700007377e+02	8.8790299103e+00	
2.1710032572e+02	7.6685270445e+00	
2.1720002671e+02	7.2125345957e+00	
2.1730016616e+02	6.3792272486e+00	
2.1740048225e+02	1.1064518887e+01	
2.1750006115e+02	9.3966510251e+00	
2.1760028027e+02	7.9664990045e+00	
2.1770034260e+02	1.1977525552e+01	
2.1780025887e+02	1.0494022344e+01	
2.1790031941e+02	8.0393688650e+00	
2.1800026062e+02	8.1010345290e+00	
2.1810032250e+02	7.7485232497e+00	
2.1820053403e+02	8.3689376646e+00	
2.1830039016e+02	8.9458109280e+00	
2.1840036015e+02	9.6436782825e+00	
2.1850053094e+02	7.3384757973e+00	
2.1860010434e+02	5.8142391071e+00	
2.1870001090e+02	5.6872602873e+00	
2.1880037501e+02	1.0071359566e+01	
2.1890048331e+02	7.3685907058e+00	
2.1900026874e+02	6.2524861553e+00	
2.1910023809e+02	1.5068360016e+01	
2.1920050774e+02	1.8778502311e+01	
2.1930010445e+02	2.0666104919e+01	
2.1940044139e+02	8.0639606570e+00	
2.1950012154e+02	8.7302245789e+00	
2.1960000532e+02	8.8982284695e+00	
2.1970027674e+02	7.8226749377e+00	
2.1980007586e+02	5.6044796590e+00	
2.1990016831e+02	7.8814587429e+00	
2.2000021447e+02	9.9814311613e+00	
2.2010039009e+02	7.7336941266e+00	
2.2020012852e+02	5.1961300083e+00	
2.2030053304e+02	6.0747337318e+00	
2.2040047681e+02	8.8325207429e+00	
2.2050023703e+02	1.2653491375e+01	
2.2060017645e+02	1.3292575723e+01	
2.2070018082e+02	1.1407310189e+01	
2.2080040743e+02	1.0836774077e+01	
2.2090012497e+02	1.0312679990e+01	
2.2100047538e+02	7.7732133847e+00	
2.2110020787e+02	7.0957111035e+00	
2.2120000966e+02	7.2894952302e+00	
2.2130039775e+02	6.8216283591e+00	
2.2140015160e+02	4.6363202515e+00	
2.2150020577e+02	3.9350489373e+00	
2.2160009092e+02	3.8183350734e+00	
2.2170043752e+02	4.2331692702e+00	
2.2180000937e+02	4.8192687866e+00	
2.2190037886e+02	5.2527061193e+00	
2.2200052612e+02	6.6784822939e+00	
2.2210022236e+02	7.1003537604e+00	
2.2220043845e+02	6.0648994559e+00	
2.2230052452e+02	5.5757634157e+00	
2.2240002973e+02	5.6939304040e+00	
2.2250050487e+02	8.0380175353e+00	
2.2260012520e+02	1.1034511664e+01	
2.2270011422e+02	9.4736468696e+00	
2.2280053199e+02	8.5957447291e+00	
2.2290001299e+02	9.6487612961e+00	
2.2300024816e+02	9.4421786543e+00	
2.2310000995e+02	8.3829094570e+00	
2.2320024039e+02	6.7774704105e+00	
2.2330004289e+02	6.0030621838e+00	
2.2340030280e+02	5.8677040194e+00	
2.2350010635e+02	5.2307642883e+00	
2.2360010627e+02	5.2956429780e+00	
2.2370000159e+02	5.2912438418e+00	
2.2380036622e+02	5.1436191461e+00	
2.2390033761e+02	4.7429075179e+00	
2.2400015127e+02	4.4039355392e+00	
2.2410000319e+02	5.0676955620e+00	
2.2420049375e+02	6.7091472104e+00	
2.2430043767e+02	6.3676641721e+00	
2.2440007777e+02	5.4066606643e+00	
2.2450016752e+02	5.2018717301e+00	
2.2460012599e+02	5.4830288546e+00	
2.2470036621e+02	6.2151967419e+00	
2.2480034104e+02	6.4927547490e+00	
2.2490052014e+02	7.6500098590e+00	
2.2500002639e+02	5.3446996892e+00	
2.2510005048e+02	6.1526083517e+00	
2.2520052555e+02	6.3029499930e+00	
2.2530006717e+02	7.9032816920e+00	
2.2540043728e+02	7.6493506819e+00	
2.2550035850e+02	8.7647302380e+00	
2.2560021857e+02	6.7414719439e+00	
2.2570037371e+02	6.1382112307e+00	
2.2580019444e+02	5.5237948610e+00	
2.2590056142e+02	5.2800734729e+00	
2.2600043785e+02	4.0683935655e+00	
2.2610035731e+02	4.1131014065e+00	
2.2620016185e+02	5.2944400032e+00	
2.2630005164e+02	8.2881963871e+00	
2.2640007865e+02	5.3997480429e+00	
2.2650002659e+02	4.2436467509e+00	
2.2660017348e+02	4.6571462597e+00	
2.2670017637e+02	4.7360380202e+00	
2.2680019429e+02	4.5611127932e+00	
2.2690048221e+02	4.3558070386e+00	
2.2700010859e+02	4.6324568920e+00	
2.2710030476e+02	5.5894689482e+00	
2.2720027875e+02	7.1246344855e+00	
2.2730034135e+02	1.0656615513e+01	
2.2740045390e+02	1.9442971781e+01	
2.2750022372e+02	2.2412082375e+01	
2.2760000207e+02	1.1052409907e+01	
2.2770034286e+02	7.3282434866e+00	
2.2780025524e+02	9.4334246683e+00	
2.2790013210e+02	1.1232627886e+01	
2.2800004356e+02	1.0769478359e+01	
2.2810004072e+02	7.6998889205e+00	
2.2820010273e+02	6.2120102555e+00	
2.2830020028e+02	8.1746500187e+00	
2.2840023819e+02	1.0313136124e+01	
2.2850039039e+02	1.0091159221e+01	
2.2860035620e+02	7.5002131413e+00	
2.2870000700e+02	4.8988290420e+00	
2.2880029262e+02	5.8956788726e+00	
2.2890023620e+02	5.9153958600e+00	
2.2900004741e+02	6.8481922191e+00	
2.2910032249e+02	5.9771784419e+00	
2.2920027918e+02	6.4908597882e+00	
2.2930038162e+02	5.7178431454e+00	
2.2940007696e+02	7.4065143057e+00	
2.2950031617e+02	5.3425534181e+00	
2.2960037102e+02	6.6629957753e+00	
2.2970033334e+02	6.6494192994e+00	
2.2980031066e+02	5.4972377256e+00	
2.2990009115e+02	1.0317182070e+01	
2.3000040819e+02	6.1387012133e+00	
2.3010011452e+02	9.5696825542e+00	
2.3020022109e+02	1.1752343965e+01	
2.3030025529e+02	1.0449965291e+01	
2.3040020851e+02	1.5871394930e+01	
2.3050035912e+02	1.1775586196e+01	
2.3060038953e+02	6.9842815413e+00	
2.3070040460e+02	8.8138841353e+00	
2.3080029184e+02	9.6973413146e+00	
2.3090009836e+02	1.0047464576e+01	
2.3100013632e+02	1.0019376516e+01	
2.3110027918e+02	1.1679786781e+01	
2.3120003488e+02	9.9406835430e+00	
2.3130007372e+02	1.4300271163e+01	
2.3140012848e+02	1.8166701208e+01	
2.3150019608e+02	8.9510015963e+00	
2.3160031249e+02	7.6951313378e+00	
2.3170007145e+02	7.9847254109e+00	
2.3180005751e+02	4.9463890537e+00	
2.3190029963e+02	4.4544531169e+00	
2.3200023890e+02	5.0111398822e+00	
2.3210041650e+02	5.5304493998e+00	
2.3220036730e+02	6.3685608068e+00	
2.3230041410e+02	6.9917239836e+00	
2.3240007074e+02	8.5619218304e+00	
2.3250001174e+02	7.1191810806e+00	
2.3260002707e+02	5.4721413907e+00	
2.3270023637e+02	4.6537740911e+00	
2.3280012412e+02	6.9693935542e+00	
2.3290021352e+02	9.1794508322e+00	
2.3300000532e+02	1.0724224928e+01	
2.3310006752e+02	9.4608313304e+00	
2.3320031765e+02	7.9737654782e+00	
2.3330021484e+02	8.1370943738e+00	
2.3340011608e+02	7.7917325052e+00	
2.3350021737e+02	8.6128223202e+00	
2.3360017130e+02	9.1247108640e+00	
2.3370008356e+02	9.2768735834e+00	
2.3380017616e+02	9.4341081568e+00	
2.3390025955e+02	7.5211899191e+00	
2.3400000110e+02	7.6259302476e+00	
2.3410051803e+02	7.3223066270e+00	
2.3420043637e+02	8.9621734805e+00	
2.3430015188e+02	9.1141452679e+00	
2.3440020116e+02	1.0820017006e+01	
2.3450049996e+02	1.0423314309e+01	
2.3460047886e+02	1.0016915396e+01	
2.3470021550e+02	1.0144452320e+01	
2.3480020222e+02	1.1948467511e+01	
2.3490043974e+02	8.6808002760e+00	
2.3500001923e+02	6.7706983945e+00	
2.3510027317e+02	5.5135196986e+00	
2.3520054846e+02	5.4099482944e+00	
2.3530043949e+02	5.5045706456e+00	
2.3540004478e+02	5.6384311718e+00	
2.3550005953e+02	5.4612594446e+00	
2.3560025061e+02	6.8505246602e+00	
2.3570046652e+02	6.8532104940e+00	
2.3580050997e+02	5.1100493691e+00	
2.3590047407e+02	3.7539978905e+00	
2.3600001517e+02	4.2901176179e+00	
2.3610028433e+02	5.4904336539e+00	
2.3620002643e+02	5.0140176186e+00	
2.3630027644e+02	6.1301568434e+00	
2.3640030016e+02	7.3964346219e+00	
2.3650011325e+02	6.5308656426e+00	
2.3660016038e+02	6.2579712471e+00	
2.3670019119e+02	1.0422646098e+01	
2.3680009921e+02	8.4838224016e+00	
2.3690015909e+02	9.9517572368e+00	
2.3700046193e+02	9.3256363647e+00	
2.3710019742e+02	8.8143603177e+00	
2.3720037053e+02	7.9108850867e+00	
2.3730042301e+02	7.1687460861e+00	
2.3740039298e+02	6.6266096868e+00	
2.3750033541e+02	9.4404997009e+00	
2.3760010792e+02	9.0007891957e+00	
2.3770017859e+02	8.3561354660e+00	
2.3780008589e+02	6.0383181146e+00	
2.3790018718e+02	5.7705251728e+00	
2.3800019851e+02	5.7723343742e+00	
2.3810014924e+02	4.7416895214e+00	
2.3820005602e+02	5.0416281193e+00	
2.3830026923e+02	5.6321428285e+00	
2.3840045280e+02	6.1949128813e+00	
2.3850038421e+02	5.5349056339e+00	
2.3860023441e+02	6.4996381577e+00	
2.3870003655e+02	7.3243477855e+00	
2.3880026305e+02	9.6066771806e+00	
2.3890053821e+02	7.1981763062e+00	
2.3900017509e+02	5.1058781721e+00	
2.3910009942e+02	4.6061846476e+00	
2.3920055212e+02	4.6463472444e+00	
2.3930039677e+02	6.7835564590e+00	
2.3940005721e+02	5.4452994692e+00	
2.3950018772e+02	6.1995930978e+00	
2.3960027514e+02	8.0464581913e+00	
2.3970025003e+02	1.1045329592e+01	
2.3980039289e+02	7.1302950292e+00	
2.3990009479e+02	6.5230149291e+00	
2.4000014056e+02	6.5411178528e+00	
2.4010038565e+02	6.4359078361e+00	
2.4020010449e+02	5.0503134956e+00	
2.4030002656e+02	4.7894796535e+00	
2.4040008374e+02	5.4578894903e+00	
2.4050042953e+02	7.4116223349e+00	
2.4060016875e+02	8.1458113230e+00	
2.4070026789e+02	8.5945805596e+00	
2.4080007009e+02	8.2861418312e+00	
2.4090024441e+02	7.8295192016e+00	
2.4100042090e+02	7.1509473590e+00	
2.4110011874e+02	6.7523664612e+00	
2.4120004832e+02	5.9865386381e+00	
2.4130010783e+02	5.5892600081e+00	
2.4140011101e+02	5.7912979682e+00	
2.4150020272e+02	6.4291981873e+00	
2.4160038101e+02	7.1224209729e+00	
2.4170022913e+02	7.5943999044e+00	
2.4180022255e+02	5.4526549328e+00	
2.4190000462e+02	5.2549716160e+00	
2.4200013509e+02	5.1235550328e+00	
2.4210002756e+02	5.6177290519e+00	
2.4220044100e+02	6.2370511477e+00	
2.4230011001e+02	5.2753888271e+00	
2.4240026701e+02	4.8467191130e+00	
2.4250020806e+02	4.6085865309e+00	
2.4260046544e+02	3.6496247244e+00	
2.4270007736e+02	7.5081670543e+00	
2.4280025151e+02	6.1141578420e+00	
2.4290002736e+02	7.1548137814e+00	
2.4300040020e+02	1.1365630757e+01	
2.4310007528e+02	8.6416843100e+00	
2.4320043795e+02	7.3532032932e+00	
2.4330019218e+02	6.5212516542e+00	
2.4340016414e+02	5.2883009760e+00	
2.4350003404e+02	5.7403552994e+00	
2.4360022995e+02	5.1780761026e+00	
2.4370001815e+02	7.3507053921e+00	
2.4380025633e+02	8.0472513474e+00	
2.4390038731e+02	4.6180268239e+00	
2.4400048224e+02	4.2476855131e+00	
2.4410044434e+02	4.4430439039e+00	
2.4420034900e+02	8.5318004904e+00	
2.4430019142e+02	8.5980773186e+00	
2.4440007700e+02	5.3704589073e+00	
2.4450027328e+02	4.0696116266e+00	
2.4460035387e+02	4.5447250676e+00	
2.4470013634e+02	4.1247032976e+00	
2.4480003000e+02	4.2715738535e+00	
2.4490054687e+02	4.6793579048e+00	
2.4500028878e+02	4.7662459207e+00	
2.4510010606e+02	4.0133132265e+00	
2.4520041862e+02	5.6864983876e+00	
2.4530012929e+02	5.6680073428e+00	
2.4540019335e+02	4.6826787418e+00	
2.4550025323e+02	4.7651562060e+00	
2.4560026996e+02	5.7222310914e+00	
2.4570045749e+02	4.9925241335e+00	
2.4580011581e+02	5.5807420502e+00	
2.4590008068e+02	5.1839204627e+00	
2.4600038581e+02	6.4082832556e+00	
2.4610014839e+02	6.4811733521e+00	
2.4620003720e+02	6.2296049258e+00	
2.4630022497e+02	5.5247215994e+00	
2.4640030948e+02	5.7305182559e+00	
2.4650002419e+02	7.1293444286e+00	
2.4660003632e+02	9.5617732824e+00	
2.4670020211e+02	1.0702602847e+01	
2.4680005117e+02	1.0818575238e+01	
2.4690011310e+02	6.5907892036e+00	
2.4700017805e+02	8.0206150441e+00	
2.4710009077e+02	7.7015523338e+00	
2.4720020304e+02	7.5337771082e+00	
2.4730046164e+02	6.9732775747e+00	
2.4740019017e+02	6.9366305804e+00	
2.4750031583e+02	7.0528604899e+00	
2.4760053114e+02	6.8636058960e+00	
2.4770007553e+02	1.0494344482e+01	
2.4780043191e+02	1.1873508667e+01	
2.4790014425e+02	6.4742491389e+00	
2.4800042737e+02	6.0630904508e+00	
2.4810034938e+02	5.6584497907e+00	
2.4820010643e+02	6.0671557084e+00	
2.4830049076e+02	6.4620142304e+00	
2.4840021361e+02	7.9077732635e+00	
2.4850035654e+02	8.6548219276e+00	
2.4860002083e+02	7.4795748028e+00	
2.4870038280e+02	7.7950265807e+00	
2.4880016807e+02	1.2288236344e+01	
2.4890016782e+02	2.3039010272e+01	
2.4900022738e+02	3.0268475059e+01	
2.4910018873e+02	2.4035663986e+01	
2.4920040116e+02	1.9439630837e+01	
2.4930049655e+02	1.4363963961e+01	
2.4940007131e+02	8.0159260674e+00	
2.4950042970e+02	6.9951823883e+00	
2.4960027241e+02	2.0311508249e+01	
2.4970037938e+02	1.5297811679e+01	
2.4980000595e+02	1.3813929086e+01	
2.4990004256e+02	1.0665475511e+01	
2.5000036266e+02	1.1691721257e+01	
2.5010040892e+02	1.3292212075e+01	
2.5020034880e+02	1.2652193701e+01	
2.5030004495e+02	1.0485486316e+01	
2.5040034649e+02	8.7086775270e+00	
2.5050040744e+02	7.7217563173e+00	
2.5060033552e+02	5.5703702837e+00	
2.5070049637e+02	4.7567208676e+00	
2.5080047417e+02	4.5804153949e+00	
2.5090019221e+02	4.3143186869e+00	
2.5100004930e+02	4.4025977033e+00	
2.5110010569e+02	4.6758101752e+00	
2.5120024890e+02	5.1862828320e+00	
2.5130044559e+02	4.9526981187e+00	
2.5140024548e+02	5.4883970121e+00	
2.5150006213e+02	4.1724145974e+00	
2.5160041055e+02	5.1920545939e+00	
2.5170019277e+02	5.2927102623e+00	
2.5180016022e+02	3.8291314209e+00	
2.5190032983e+02	4.9199437440e+00	
2.5200036202e+02	7.5925640186e+00	
2.5210029173e+02	8.7677421485e+00	
2.5220035320e+02	8.0888801108e+00	
2.5230001950e+02	6.8002325565e+00	
2.5240045844e+02	7.6819320268e+00	
2.5250014380e+02	7.0357750499e+00	
2.5260035398e+02	8.6947843884e+00	
2.5270005906e+02	9.7741005998e+00	
2.5280037816e+02	1.0365386151e+01	
2.5290042893e+02	1.1371437744e+01	
2.5300014644e+02	9.2211620402e+00	
2.5310025713e+02	1.2505530593e+01	
2.5320015957e+02	1.4286991734e+01	
2.5330026428e+02	1.4445932956e+01	
2.5340046046e+02	1.0218982335e+01	
2.5350050457e+02	7.4983392868e+00	
2.5360048772e+02	6.2938109579e+00	
2.5370039445e+02	5.2570938571e+00	
2.5380049502e+02	5.2247086761e+00	
2.5390006789e+02	4.8290180978e+00	
2.5400027573e+02	4.3279721800e+00	
2.5410026734e+02	4.6349514084e+00	
2.5420007359e+02	5.1868144873e+00	
2.5430022629e+02	4.8875872353e+00	
2.5440037232e+02	4.4394079556e+00	
2.5450006103e+02	4.3971032653e+00	
2.5460009225e+02	6.5251268215e+00	
2.5470008234e+02	8.6654899552e+00	
2.5480000814e+02	5.3578058387e+00	
2.5490011909e+02	5.4459431026e+00	
2.5500041255e+02	5.4399205938e+00	
2.5510042487e+02	5.1765279575e+00	
2.5520043998e+02	5.2733432735e+00	
2.5530029696e+02	6.3144717147e+00	
2.5540014030e+02	8.7922094970e+00	
2.5550034644e+02	7.3089461037e+00	
2.5560042443e+02	4.7691990167e+00	
2.5570035634e+02	4.5302083646e+00	
2.5580031568e+02	4.5841514041e+00	
2.5590039136e+02	4.6534900116e+00	
2.5600048567e+02	5.0496401202e+00	
2.5610038445e+02	5.6755631313e+00	
2.5620036073e+02	5.5114188878e+00	
2.5630008558e+02	5.8679299502e+00	
2.5640030710e+02	4.8888743303e+00	
2.5650034327e+02	4.8397513579e+00	
2.5660024517e+02	4.9024228451e+00	
2.5670022065e+02	6.1848172804e+00	
2.5680051710e+02	7.2207736942e+00	
2.5690023242e+02	7.0623412737e+00	
2.5700054212e+02	5.7409694562e+00	
2.5710024906e+02	5.5138050396e+00	
2.5720013363e+02	7.0026771399e+00	
2.5730049066e+02	7.6433244056e+00	
2.5740006911e+02	9.4144066525e+00	
2.5750003580e+02	1.2183830669e+01	
2.5760005369e+02	5.8847624557e+00	
2.5770011618e+02	6.6167416631e+00	
2.5780049209e+02	7.0339170878e+00	
2.5790027290e+02	9.0050605099e+00	
2.5800056308e+02	1.0281749864e+01	
2.5810024947e+02	9.2940420505e+00	
2.5820053396e+02	8.7302669798e+00	
2.5830008569e+02	7.1568115885e+00	
2.5840048029e+02	5.7589886949e+00	
2.5850017349e+02	6.2310335669e+00	
2.5860032079e+02	6.2936064120e+00	
2.5870029469e+02	7.8062371020e+00	
2.5880039846e+02	6.3908986974e+00	
2.5890019504e+02	5.3145317462e+00	
2.5900021496e+02	4.7928927721e+00	
2.5910033327e+02	5.8215227465e+00	
2.5920003303e+02	4.9157648612e+00	
2.5930051448e+02	5.3813200066e+00	
2.5940045898e+02	5.4582556025e+00	
2.5950050070e+02	5.4716293714e+00	
2.5960021426e+02	4.8344704318e+00	
2.5970017849e+02	4.5688636464e+00	
2.5980046264e+02	6.9775415484e+00	
2.5990002477e+02	7.4262817716e+00	
2.6000033264e+02	7.5808173670e+00	
2.6010046215e+02	7.1529644124e+00	
2.6020045563e+02	6.2553766647e+00	
2.6030016697e+02	5.7799468918e+00	
2.6040046273e+02	4.5389665492e+00	
2.6050007393e+02	5.1000055462e+00	
2.6060020211e+02	4.9801922124e+00	
2.6070012422e+02	4.7170823289e+00	
2.6080050311e+02	4.9055713099e+00	
2.6090026822e+02	6.1584083694e+00	
2.6100054838e+02	6.9291068898e+00	
2.6110001332e+02	5.3758921554e+00	
2.6120045707e+02	4.4381779632e+00	
2.6130001497e+02	4.9244666785e+00	
2.6140014680e+02	5.6866597018e+00	
2.6150008444e+02	5.6590843314e+00	
2.6160015108e+02	4.5387059377e+00	
2.6170023017e+02	4.6784527382e+00	
2.6180044251e+02	5.4674047193e+00	
2.6190004369e+02	6.1420941457e+00	
2.6200036409e+02	4.0754400850e+00	
2.6210009994e+02	3.8891124163e+00	
2.6220012969e+02	4.8755978509e+00	
2.6230022223e+02	4.8796626207e+00	
2.6240036816e+02	5.0983354015e+00	
2.6250047839e+02	5.5049003008e+00	
2.6260031733e+02	6.5354341167e+00	
2.6270048999e+02	5.3942482857e+00	
2.6280043525e+02	4.0372837417e+00	
2.6290032187e+02	3.3146167244e+00	
2.6300052866e+02	3.6775013425e+00	
2.6310007938e+02	3.3002893354e+00	
2.6320002800e+02	3.7129554889e+00	
2.6330031620e+02	4.1778563904e+00	
2.6340052393e+02	4.2991742325e+00	
2.6350037045e+02	4.1247220841e+00	
2.6360043499e+02	5.6504535605e+00	
2.6370034100e+02	4.5911943934e+00	
2.6380048608e+02	4.2680978278e+00	
2.6390011654e+02	3.8348170822e+00	
2.6400055264e+02	4.9822894636e+00	
2.6410012779e+02	6.5324541684e+00	
2.6420051058e+02	5.1313576217e+00	
2.6430041552e+02	5.1842790359e+00	
2.6440042600e+02	6.3543184395e+00	
2.6450045272e+02	5.8371900967e+00	
2.6460006773e+02	8.2014471863e+00	
2.6470015323e+02	7.2471433407e+00	
2.6480021801e+02	5.6750658738e+00	
2.6490047011e+02	5.0683403924e+00	
2.6500010176e+02	4.8132709117e+00	
2.6510039069e+02	6.4664197647e+00	
2.6520012895e+02	7.5776770180e+00	
2.6530012678e+02	9.3023515492e+00	
2.6540037516e+02	8.7542300773e+00	
2.6550008505e+02	6.6527163055e+00	
2.6560006599e+02	7.1501691749e+00	
2.6570013034e+02	1.0184001677e+01	
2.6580009559e+02	1.0613972179e+01	
2.6590006345e+02	8.2447526569e+00	
2.6600026840e+02	6.6753490155e+00	
2.6610036423e+02	6.2706461429e+00	
2.6620001270e+02	5.5096811666e+00	
2.6630009526e+02	5.5028060519e+00	
2.6640039551e+02	5.4877934442e+00	
2.6650017203e+02	5.3248119867e+00	
2.6660050203e+02	5.1733060576e+00	
2.6670003045e+02	5.4379773724e+00	
2.6680024703e+02	5.1880944516e+00	
2.6690016809e+02	4.3083950407e+00	
2.6700044755e+02	4.3807051003e+00	
2.6710051937e+02	4.5861739804e+00	
2.6720037509e+02	3.7053273617e+00	
2.6730050586e+02	3.5092365091e+00	
2.6740049985e+02	4.2255784087e+00	
2.6750019725e+02	6.5225466352e+00	
2.6760000958e+02	1.0069614114e+01	
2.6770030939e+02	1.1384970642e+01	
2.6780002959e+02	8.9972973533e+00	
2.6790034257e+02	8.6730871061e+00	
2.6800029502e+02	6.2835480629e+00	
2.6810036069e+02	6.3641853078e+00	
2.6820003978e+02	1.0561318061e+01	
2.6830010196e+02	7.7085710064e+00	
2.6840011711e+02	7.7283858827e+00	
2.6850050740e+02	1.2421141063e+01	
2.6860040592e+02	1.1815695656e+01	
2.6870011708e+02	7.5084215943e+00	
2.6880022350e+02	5.0488202514e+00	
2.6890008571e+02	4.6007017180e+00	
2.6900021933e+02	4.9172696612e+00	
2.6910050488e+02	6.3450118488e+00	
2.6920039376e+02	5.8765889183e+00	
2.6930012894e+02	6.8025897303e+00	
2.6940021873e+02	8.5156875629e+00	
2.6950039706e+02	5.2262247890e+00	
2.6960010916e+02	6.7833826225e+00	
2.6970043503e+02	4.8118743899e+00	
2.6980051832e+02	5.9621500369e+00	
2.6990046519e+02	4.9467561704e+00	
2.7000017402e+02	5.5918734469e+00	
2.7010051048e+02	5.9104704380e+00	
2.7020003223e+02	6.3475248925e+00	
2.7030057064e+02	6.3384024724e+00	
2.7040011295e+02	4.6089277711e+00	
2.7050004633e+02	5.2423718229e+00	
2.7060009961e+02	3.7117261271e+00	
2.7070000613e+02	4.7947320447e+00	
2.7080003024e+02	7.0156529859e+00	
2.7090038513e+02	5.4788425126e+00	
2.7100022191e+02	6.4924706085e+00	
2.7110025033e+02	5.3576480734e+00	
2.7120044949e+02	5.3259999612e+00	
2.7130003692e+02	5.3997930501e+00	
2.7140027746e+02	5.5476476861e+00	
2.7150034064e+02	4.2787051123e+00	
2.7160028679e+02	5.0755543298e+00	
2.7170006350e+02	6.0607299929e+00	
2.7180007516e+02	5.7169505154e+00	
2.7190002044e+02	4.4421478396e+00	
2.7200014204e+02	4.5387056875e+00	
2.7210014299e+02	3.9283962846e+00	
2.7220047259e+02	3.9100332104e+00	
2.7230039994e+02	4.1851355348e+00	
2.7240049093e+02	5.4061513985e+00	
2.7250009740e+02	4.5398334986e+00	
2.7260006655e+02	4.1793625026e+00	
2.7270038762e+02	4.5941453988e+00	
2.7280033621e+02	4.7408152174e+00	
2.7290055068e+02	4.4260107520e+00	
2.7300042398e+02	3.8836741673e+00	
2.7310006399e+02	4.7551718183e+00	
2.7320042656e+02	5.5657364946e+00	
2.7330001036e+02	5.3194097586e+00	
2.7340044413e+02	5.2821422542e+00	
2.7350043297e+02	5.5525541223e+00	
2.7360052349e+02	4.9935224371e+00	
2.7370026349e+02	3.6339486855e+00	
2.7380019533e+02	3.8456952035e+00	
2.7390015732e+02	5.2768756872e+00	
2.7400002777e+02	4.9791589140e+00	
2.7410018595e+02	4.0823733293e+00	
2.7420032483e+02	4.5767766659e+00	
2.7430035574e+02	4.8140182154e+00	
2.7440039958e+02	5.7083058986e+00	
2.7450022340e+02	6.5827231686e+00	
2.7460044341e+02	8.0556507981e+00	
2.7470047073e+02	8.7255072215e+00	
2.7480040761e+02	4.6709685397e+00	
2.7490035834e+02	4.4810430011e+00	
2.7500029383e+02	4.1841885686e+00	
2.7510051619e+02	4.7656954621e+00	
2.7520047773e+02	5.5419655044e+00	
2.7530034112e+02	5.1595071198e+00	
2.7540011639e+02	5.7494007939e+00	
2.7550024508e+02	5.0197534594e+00	
2.7560000560e+02	5.1553803146e+00	
2.7570018926e+02	4.7827914770e+00	
2.7580012990e+02	5.0646987157e+00	
2.7590009297e+02	5.2765453784e+00	
2.7600003355e+02	4.6692291022e+00	
2.7610011742e+02	4.9991019410e+00	
2.7620049259e+02	4.5497101517e+00	
2.7630042527e+02	5.0875559092e+00	
2.7640018738e+02	5.2269226221e+00	
2.7650050514e+02	4.0320382633e+00	
2.7660034286e+02	3.7245987316e+00	
2.7670049793e+02	3.7061903819e+00	
2.7680022534e+02	3.2492984350e+00	
2.7690037933e+02	3.1864108123e+00	
2.7700051147e+02	3.7020935851e+00	
2.7710036985e+02	5.1218729873e+00	
2.7720023625e+02	5.9965865965e+00	
2.7730041300e+02	6.7901719675e+00	
2.7740006032e+02	5.8181063475e+00	
2.7750016445e+02	5.4439524505e+00	
