0.000000000000000000e+00   2.170879349027876160e+01   5.057347961800480514e-06
1.000000000000000000e+00   2.239677919041066190e+01   4.812993475556518156e-08
2.000000000000000000e+00   2.247841327861835126e+01   9.840853211461727010e-08
3.000000000000000000e+00   2.172246784670187836e+01   3.057668710544375332e-07
4.000000000000000000e+00   2.226980001595791592e+01   1.715826791427058433e-07
5.000000000000000000e+00   2.257017267660244997e+01   3.919068981329048070e-07
6.000000000000000000e+00   2.177298461575119148e+01   3.951340432799656591e-06
7.000000000000000000e+00   2.213636939654144342e+01   6.412131514578646063e-06
8.000000000000000000e+00   2.263121477509258028e+01   9.306515447028863904e-06
9.000000000000000000e+00   2.185571199078606597e+01   1.352731646714224031e-04
1.000000000000000000e+01   2.200565018860972799e+01   1.237205117428554358e-04
1.100000000000000000e+01   2.265526407762403238e+01   9.304810939290160518e-05
1.200000000000000000e+01   2.196030209469802585e+01   3.711713609950108815e-03
1.300000000000000000e+01   2.188452092579075980e+01   1.858625826199720218e-03
1.400000000000000000e+01   2.262757700227970048e+01   1.937938348214734551e-03
1.500000000000000000e+01   2.201893204453505248e+01   3.845088279130241815e-02
1.600000000000000000e+01   2.169366793469713528e+01   2.169246674782888962e-02
1.700000000000000000e+01   2.237439914286982301e+01   4.435331110447102848e-02
1.800000000000000000e+01   2.165311556525847081e+01   1.788672397664800573e-01
1.900000000000000000e+01   2.050129804123439925e+01   2.072902652928736156e-01
2.000000000000000000e+01   2.038819774453695644e+01   2.884574837453767748e-01
2.100000000000000000e+01   1.898345500510158601e+01   6.660530430052125084e-01
2.200000000000000000e+01   1.556101157451044870e+01   9.252484914645899838e-01
2.300000000000000000e+01   1.407460918170086650e+01   7.767446216693233429e-01
2.400000000000000000e+01   1.262211672653396377e+01   7.322976058879703265e-01
2.500000000000000000e+01   9.268652626721666010e+00   9.988062428010221483e-01
2.600000000000000000e+01   8.616955928552403776e+00   8.113661074486273606e-01
2.700000000000000000e+01   7.894402363698191039e+00   7.285659844766591009e-01
2.800000000000000000e+01   6.201618396882292217e+00   8.110029317006692828e-01
2.900000000000000000e+01   5.201212075423599757e+00   6.776647980336770738e-01
3.000000000000000000e+01   4.813844912684849042e+00   6.666220559395132916e-01
3.100000000000000000e+01   3.762078171681589644e+00   7.134286332023916932e-01
3.200000000000000000e+01   3.318549225550267323e+00   5.789104133284926901e-01
3.300000000000000000e+01   3.073741138489165525e+00   5.088246841756647321e-01
3.400000000000000000e+01   2.563667003794483978e+00   4.866121730661763234e-01
3.500000000000000000e+01   2.067230757564792132e+00   5.198331200721046930e-01
3.600000000000000000e+01   2.012118649832985273e+00   4.798210497501917970e-01
3.700000000000000000e+01   1.724838362114844204e+00   4.676199800375405169e-01
3.800000000000000000e+01   1.444949509178062419e+00   4.420653873426759195e-01
3.900000000000000000e+01   1.336962903712284989e+00   4.210686784815602102e-01
4.000000000000000000e+01   1.179506949107975045e+00   3.944066065325055326e-01
4.100000000000000000e+01   9.551462017964944540e-01   3.975991036968478665e-01
4.200000000000000000e+01   9.002772451154039679e-01   3.728605990520823532e-01
4.300000000000000000e+01   8.382711894640240136e-01   3.428767942623286991e-01
4.400000000000000000e+01   6.995679894261545018e-01   3.312573320880741190e-01
4.500000000000000000e+01   6.669914819947279083e-01   3.142437372644597549e-01
4.600000000000000000e+01   6.707284138174676169e-01   2.876645406300433194e-01
4.700000000000000000e+01   5.776379353616887258e-01   2.814471062301041049e-01
4.800000000000000000e+01   5.484484835310106110e-01   2.709157379585860337e-01
4.900000000000000000e+01   5.749562245850996511e-01   2.528422226096809222e-01
5.000000000000000000e+01   5.333007934026345875e-01   2.423659322336865485e-01
5.100000000000000000e+01   4.837100567179097310e-01   2.428526807856373759e-01
5.200000000000000000e+01   5.264248444881686195e-01   2.296394842505516676e-01
5.300000000000000000e+01   5.180334545353479925e-01   2.216877070739052269e-01
5.400000000000000000e+01   4.743520309007322466e-01   2.283113174559357750e-01
5.500000000000000000e+01   5.239358123563295777e-01   2.219964863508150088e-01
5.600000000000000000e+01   5.580190667897013679e-01   2.124062592693179985e-01
5.700000000000000000e+01   5.040328602703143535e-01   2.221849589617345133e-01
5.800000000000000000e+01   5.376279328105975086e-01   2.245186733079885255e-01
5.900000000000000000e+01   5.917865162248486799e-01   2.140961214759628251e-01
6.000000000000000000e+01   5.516063455340892707e-01   2.159311035984584071e-01
6.100000000000000000e+01   5.640452558860282739e-01   2.271795888893820836e-01
6.200000000000000000e+01   6.421695380978273970e-01   2.259667943076591745e-01
6.300000000000000000e+01   6.111799507824785538e-01   2.258818747195949495e-01
